0 0
1 0
1 1
2 1
2 2
2 3
2 4
2 5
3 5
3 6
4 6
5 6
6 6
7 6
8 6
9 6
10 6
11 6
12 6
13 6
14 6
15 6
16 6
17 6
18 6
19 6
20 6
21 6
22 6
23 6
24 6
25 6
25 7
25 8
26 8
27 8
27 9
27 10
28 10
29 10
30 10
30 11
30 12
31 12
31 13
32 13
33 13
33 14
33 15
33 16
33 17
33 18
33 19
33 20
34 20
34 21
35 21
35 22
35 23
35 24
36 24
37 24
38 24
39 24
39 25
39 26
39 27
39 28
39 29
39 30
39 31
39 32
39 33
39 34
39 35
39 36
39 37
39 38
39 39
39 40
39 41
39 42
39 43
39 44
39 45
39 46
39 47
39 48
39 49
39 50
39 51
39 52
39 53
39 54
39 55
39 56
40 56
40 57
40 58
40 59
