1 0
1 1
2 1
3 1
4 1
5 1
6 1
7 1
8 1
8 2
8 3
9 3
10 3
11 3
12 3
13 3
13 4
14 4
15 4
16 4
17 4
18 4
19 4
20 4
20 5
20 6
21 6
22 6
23 6
23 7
23 8
24 8
25 8
26 8
27 8
28 8
29 8
29 9
29 10
30 10
30 11
30 12
31 12
31 13
31 14
31 15
32 15
33 15
33 16
34 16
34 17
34 18
34 19
34 20
35 20
36 20
36 21
36 22
37 22
37 23
37 24
37 25
38 25
39 25
40 25
40 26
40 27
41 27
41 28
42 28
43 28
44 28
44 29
45 29
46 29
46 30
46 31
46 32
47 32
48 32
49 32
50 32
51 32
52 32
53 32
54 32
55 32
56 32
57 32
57 33
58 33
58 34
59 34
59 35
60 35
61 35
62 35
63 35
64 35
65 35
