0,0,0,0,1,0,0,0,0,0,0,0,0,0,0,0,0,13,0,4,0,0,0,0,7,0,3,0,5,2,0,0,8,0,0,0,4,0,4,0,0,9,4,4,3,6,0,2,0,0,2,3,0,6,0,0,14,12,0,0,14,11,0,1,0,13,2,8,0,0,0,0,0,9,0,9,11,2,14,6,5,12,8,0,0,8,0,12,6,0,0,0,10,0,0,0,0,6,0,2
0,0,0,0,0,0,7,0,10,0,0,3,0,0,8,0,1,7,0,7,0,4,9,0,0,0,0,0,8,0,11,1,11,0,4,13,14,4,0,0,10,2,0,0,7,11,12,0,0,0,0,0,0,4,0,0,0,6,0,0,10,12,0,13,9,5,9,0,12,12,2,3,1,0,14,0,10,2,1,14,0,8,0,0,0,14,0,0,0,10,6,0,1,10,14,1,0,6,0
0,0,0,0,0,0,0,1,0,0,0,0,0,0,0,6,0,0,0,0,0,9,1,0,10,0,0,5,0,10,0,13,7,0,7,9,0,4,0,0,11,0,7,5,0,7,6,0,0,8,0,0,8,5,7,0,6,0,0,0,0,0,0,11,9,0,0,0,0,1,0,0,5,12,12,0,9,8,1,0,0,4,5,4,0,0,12,12,14,0,11,1,0,9,0,2,0,12
11,0,0,0,7,12,7,14,0,0,0,14,13,1,0,0,10,0,0,9,0,0,0,2,0,0,0,0,9,0,0,2,12,0,0,10,0,6,0,13,0,0,13,0,14,0,0,0,14,3,8,8,0,6,0,7,8,0,11,13,0,0,8,0,0,8,0,3,0,0,0,0,0,2,11,0,0,0,0,0,0,10,13,0,13,0,3,0,4,0,0,13,0,0,2,7,11
14,0,0,2,0,0,14,9,0,1,5,10,0,0,14,0,0,11,14,12,0,7,11,0,8,0,0,0,0,6,6,1,0,0,0,0,1,7,3,0,0,0,0,3,0,2,8,8,0,0,0,0,0,0,14,8,5,11,7,4,0,3,11,13,0,13,6,0,0,0,7,0,0,14,3,0,0,0,10,12,0,0,2,0,5,9,6,0,0,13,1,0,10,0,3,0
0,0,0,0,13,0,6,8,0,0,0,0,0,9,8,0,3,0,0,14,3,13,8,9,10,0,12,0,4,0,0,13,1,5,6,1,0,8,0,11,0,0,0,0,0,0,8,2,0,8,2,0,0,0,0,3,5,14,0,0,7,5,0,0,0,0,10,0,0,0,11,5,0,7,14,0,12,0,13,10,10,0,4,0,0,6,14,0,0,0,0,0,0,5,13
0,4,0,10,2,0,4,8,14,2,8,13,0,0,0,0,6,8,5,7,0,0,0,0,14,0,0,0,8,1,0,8,0,3,0,5,0,2,0,0,0,6,14,0,4,11,6,8,4,0,0,0,8,0,13,0,6,0,1,9,0,6,0,0,8,8,13,10,0,0,8,0,6,4,0,0,1,0,2,2,8,0,0,2,5,12,0,0,9,0,0,7,0,0
7,6,10,14,6,8,14,0,0,10,5,0,10,0,8,1,0,0,13,10,0,10,0,0,1,0,0,9,14,10,0,13,0,0,0,6,10,10,11,0,0,0,2,7,0,0,9,0,9,0,6,14,0,0,0,0,0,0,4,0,0,1,0,0,0,2,10,0,1,7,0,3,0,0,0,0,0,0,2,11,0,1,8,12,0,0,8,7,0,6,4,0,10
0,10,0,0,0,5,0,0,0,0,0,0,0,0,0,0,0,0,12,0,0,0,0,0,4,0,14,5,9,0,0,12,10,3,0,0,0,0,1,0,0,6,10,0,0,13,0,0,0,0,0,10,5,0,3,6,8,0,13,1,6,0,13,0,10,12,0,10,0,10,0,6,0,0,2,3,12,0,0,11,0,0,2,0,0,0,14,0,0,2,3,13
14,0,7,0,0,14,0,14,5,0,0,0,0,0,13,0,0,12,3,0,6,0,0,10,0,12,9,0,5,9,7,0,0,0,0,14,14,5,0,13,9,0,6,1,0,0,0,0,0,10,0,0,4,0,10,8,0,9,0,0,0,0,0,0,12,3,1,0,7,10,8,0,0,0,10,13,11,0,1,0,6,0,6,0,0,3,6,8,0,4,0
2,0,4,0,0,0,0,0,0,0,1,0,9,0,9,0,14,0,12,0,0,0,0,0,0,14,0,0,9,0,11,0,0,0,2,13,0,0,0,0,0,7,0,0,4,0,0,0,12,0,0,0,4,0,0,0,0,1,7,8,0,0,0,0,2,8,0,0,0,2,0,0,3,0,0,0,6,6,0,0,3,11,0,0,0,0,0,13,0,0
0,0,0,14,2,0,0,0,0,0,11,0,2,0,0,6,3,0,10,0,0,0,0,0,0,0,8,0,0,3,3,6,0,2,1,0,0,0,0,9,11,0,1,0,0,5,7,8,0,0,1,12,0,0,0,6,8,8,0,1,0,10,0,9,4,0,5,2,0,0,2,8,0,4,1,0,14,9,0,0,0,0,0,4,0,0,0,4,6
0,13,0,0,11,0,13,0,0,13,0,2,12,1,0,7,2,0,0,1,4,13,6,2,0,1,8,1,4,3,6,8,0,13,0,0,8,0,0,0,3,12,4,0,0,0,4,2,3,5,0,9,12,3,0,0,0,0,0,10,7,3,0,3,0,0,3,0,7,0,3,1,7,5,9,10,0,0,2,2,0,0,11,0,0,4,0,6
0,3,0,0,0,2,0,0,9,0,12,0,0,0,0,0,0,14,11,8,0,5,11,7,4,10,11,2,8,0,0,0,0,2,0,0,0,0,0,0,0,0,12,0,0,10,0,7,0,0,4,5,7,0,0,0,1,0,2,5,13,3,8,9,0,14,14,1,9,0,0,14,0,0,0,6,0,2,0,0,12,0,0,2,0,0,11
0,1,6,8,0,10,0,2,0,13,0,0,0,0,0,5,7,0,0,3,10,5,0,0,0,0,2,8,0,2,0,0,7,10,0,0,12,0,0,0,0,10,7,0,0,13,12,0,2,0,0,2,8,0,13,0,3,0,0,0,0,14,0,0,0,0,0,7,4,0,0,0,0,0,10,0,1,1,0,0,0,11,13,13,11,0
0,0,0,12,14,0,2,4,0,2,0,5,0,0,0,0,12,12,9,6,0,0,0,0,14,4,0,14,1,8,0,5,6,0,0,0,0,5,13,14,0,1,0,0,2,0,4,5,0,0,0,4,5,8,0,0,0,8,0,0,0,0,0,14,0,6,7,14,7,0,0,0,1,2,14,0,5,2,5,0,12,1,0,0,12
0,8,7,0,0,5,0,6,1,2,10,11,0,1,6,0,0,0,0,0,5,0,14,13,3,9,0,14,13,0,12,0,13,0,0,10,0,4,0,0,0,4,0,0,0,2,2,0,0,9,0,0,10,11,0,0,11,9,4,3,2,6,0,5,0,0,5,0,0,14,0,0,0,0,0,14,0,0,2,7,0,11,0,13
0,0,0,0,0,4,14,0,11,13,14,13,8,0,8,10,4,7,0,0,14,0,0,10,3,0,5,0,0,11,11,1,5,14,0,0,0,0,0,0,14,0,7,0,14,0,0,6,0,0,0,0,0,0,9,2,0,0,0,5,0,6,0,0,0,4,11,9,10,0,6,0,7,12,0,0,0,0,0,0,2,0,1
11,12,0,3,3,4,1,0,10,0,2,0,0,0,0,0,0,0,0,12,0,0,7,8,0,0,0,14,4,4,8,2,5,0,6,12,0,0,6,0,0,0,14,9,0,0,0,0,2,14,5,10,13,0,0,2,6,6,0,0,0,5,5,0,1,0,0,3,0,0,3,11,6,0,0,11,0,0,0,9,0,6
13,0,0,10,0,4,10,0,0,6,13,0,12,0,3,10,0,4,2,11,7,0,0,0,0,12,0,3,0,0,0,2,0,0,0,14,7,5,0,13,0,0,0,12,0,0,8,0,6,0,12,1,0,13,14,0,8,0,0,0,2,0,1,11,0,0,0,11,0,0,0,14,14,0,0,0,6,11,0,1,13
1,0,0,2,0,11,1,3,4,0,0,0,0,12,10,0,0,0,0,0,6,0,8,0,0,0,0,0,0,0,0,3,0,0,0,3,7,6,14,0,5,0,0,0,0,8,0,0,0,12,0,0,4,8,0,8,0,0,0,0,5,10,5,9,0,0,12,0,9,0,0,0,2,5,0,5,0,13,0,0
0,10,1,0,14,4,0,0,0,10,0,0,0,0,0,0,8,13,0,0,9,1,12,0,0,10,0,3,0,0,0,0,0,0,0,8,0,8,0,4,3,4,9,8,0,12,0,0,11,0,14,0,0,11,0,0,7,2,0,7,0,0,0,0,5,0,0,0,0,0,8,0,0,0,6,8,0,0,0
0,0,0,9,0,4,0,0,0,0,10,6,0,8,1,0,8,0,0,2,12,0,0,8,8,0,1,0,0,9,0,0,10,8,0,0,8,0,0,0,0,0,6,0,0,14,8,1,7,0,7,0,0,0,0,0,0,0,0,0,0,0,0,0,11,1,13,0,2,0,0,0,0,14,0,9,0,0
0,12,14,13,14,8,0,0,0,0,0,0,0,0,12,4,0,6,0,0,13,3,0,0,0,0,0,0,13,0,0,11,13,0,7,0,13,0,0,0,0,5,0,8,0,3,12,0,0,4,1,11,0,8,11,0,2,0,2,6,9,5,0,8,0,0,4,0,0,0,0,1,11,0,3,0,0
13,0,0,0,0,0,9,0,0,10,12,0,0,0,10,2,0,0,0,1,2,2,9,3,0,0,0,0,0,0,12,0,0,0,9,0,0,0,0,13,0,9,0,13,0,4,9,14,0,0,5,8,14,4,0,0,11,5,0,14,0,0,0,12,0,0,0,12,0,4,0,7,14,5,0,10
12,7,0,0,6,0,10,0,10,13,3,0,6,0,0,7,6,0,0,5,0,6,9,0,0,0,0,11,8,12,12,11,0,0,0,0,13,11,0,8,0,0,0,11,3,0,0,4,0,0,0,10,0,1,2,0,2,0,0,0,11,5,7,5,0,0,0,0,12,9,7,0,13,9,9
10,9,0,7,0,0,0,0,8,1,3,3,0,0,5,11,0,6,0,5,7,5,0,4,0,0,4,0,4,12,0,0,8,11,0,0,7,0,0,0,0,0,9,14,0,0,6,1,12,0,0,5,2,2,0,0,13,3,2,3,9,11,1,7,7,0,0,14,0,0,0,12,0,8
5,14,12,13,5,0,0,11,0,11,6,0,10,0,10,0,7,0,0,6,0,3,8,0,14,4,7,9,0,1,0,0,13,0,6,12,0,8,0,13,0,0,0,0,3,7,4,0,0,0,3,1,0,3,11,1,0,12,9,0,0,0,7,1,7,13,8,0,2,0,6,0,6
0,13,11,0,2,12,0,0,0,13,4,0,0,0,4,13,0,0,6,12,0,1,6,0,0,0,5,11,0,12,0,0,15,6,0,7,6,0,5,7,11,14,0,0,0,4,14,0,5,0,0,0,0,0,5,0,6,0,0,0,0,8,0,10,6,0,0,0,0,8,13,0
14,5,0,2,0,0,4,5,11,2,0,10,0,0,1,0,0,10,0,3,0,5,4,0,0,8,0,5,0,16,11,5,0,20,19,9,10,17,8,4,0,11,0,13,4,13,0,5,0,10,12,5,4,6,0,4,11,0,0,0,8,0,0,0,0,0,0,10,0,6,0
1,0,2,4,1,3,0,0,13,3,14,0,3,0,0,0,3,6,1,8,0,0,9,12,0,15,9,5,16,29,8,16,8,17,24,14,12,8,15,18,4,0,0,5,8,6,0,10,0,5,0,11,0,11,10,2,0,0,0,0,0,12,0,0,3,5,10,13,0,7
8,0,7,0,0,12,0,4,0,12,13,0,12,0,0,0,6,0,13,6,0,0,0,5,16,2,18,17,18,26,27,32,33,27,34,41,15,5,3,1,12,4,0,0,0,1,0,0,0,11,13,2,0,0,2,0,0,0,0,0,0,1,0,0,11,0,0,0,0
3,0,12,0,0,1,0,0,0,0,0,6,0,0,0,0,5,0,0,4,14,7,1,11,12,28,27,31,55,59,60,59,56,50,51,39,54,36,9,9,11,7,0,0,12,11,4,0,7,6,0,0,11,2,0,0,0,0,0,4,4,9,0,0,0,2,0,0
0,0,0,0,0,0,7,0,0,0,7,0,0,0,11,9,7,0,0,7,0,0,0,15,24,21,56,56,55,79,90,87,73,76,83,58,68,57,23,8,12,19,1,13,5,2,0,0,0,0,2,0,13,0,0,3,10,2,0,0,0,4,0,9,0,12,4
0,10,2,0,0,5,0,0,14,0,0,0,9,8,0,0,0,14,1,5,7,9,16,13,29,49,65,77,78,96,90,100,100,91,100,100,81,60,53,28,7,4,3,1,13,2,0,0,0,0,10,0,8,0,0,5,0,0,10,10,0,0,8,9,0,0
0,9,0,0,6,5,2,8,8,12,11,9,0,0,0,13,10,0,7,0,11,0,18,4,21,48,73,94,86,91,98,97,100,86,100,94,99,62,52,18,27,0,13,9,3,0,0,5,3,0,0,10,4,2,4,14,0,0,0,1,8,0,0,0,0
14,0,0,0,0,4,0,4,6,0,0,0,0,0,0,0,0,10,7,0,0,11,19,18,28,35,60,95,88,100,89,95,95,86,100,100,86,67,65,27,24,2,4,0,0,3,0,11,8,0,5,6,0,13,14,9,11,3,3,13,0,3,9,0
0,0,0,8,0,0,8,14,0,0,12,12,2,0,13,0,0,0,0,1,0,3,0,8,24,39,70,64,88,100,96,100,100,95,98,100,77,64,57,46,11,9,16,0,0,4,8,0,0,8,0,0,12,0,6,0,11,0,0,12,6,0,8
7,11,0,2,0,1,9,3,10,0,6,0,0,0,0,10,0,0,0,11,8,0,6,9,15,21,33,57,64,83,90,95,100,85,92,82,87,68,54,30,25,0,0,9,2,5,2,0,2,4,0,0,8,0,0,14,0,0,0,7,9,10
0,0,14,0,9,10,12,0,0,10,11,0,8,0,0,4,0,0,0,0,5,0,5,12,27,23,23,32,63,57,73,72,67,84,57,71,45,57,27,9,19,17,2,0,0,0,1,0,0,4,1,4,0,0,10,0,0,5,13,3,2
9,0,0,0,0,13,14,9,2,0,14,9,4,0,8,12,11,7,6,6,0,0,15,13,0,2,16,18,28,40,34,45,60,50,49,29,25,40,20,8,17,12,1,14,0,12,2,9,3,0,8,0,4,0,0,10,3,13,13,0
0,0,0,0,9,13,2,3,5,10,6,4,13,2,4,0,0,0,0,0,0,1,5,0,0,1,8,10,19,14,27,18,29,30,37,35,36,25,5,3,0,0,9,14,6,0,9,0,0,3,13,9,11,4,12,0,4,5,14
0,0,8,0,0,0,14,0,0,0,0,0,2,6,0,0,0,4,14,0,0,0,7,0,0,4,0,0,24,23,3,19,22,4,20,25,24,11,14,0,2,4,0,7,13,3,7,0,0,4,14,6,0,0,0,0,0,1
0,11,2,5,0,0,0,6,0,8,10,0,0,0,14,13,9,2,12,14,0,0,0,0,0,0,0,2,16,0,22,0,7,15,5,13,1,21,0,14,0,9,0,6,14,0,0,12,8,0,1,0,0,4,0,0,2
11,5,14,4,2,0,8,0,2,0,0,0,1,0,0,1,13,0,11,0,12,0,0,0,4,12,0,9,0,12,0,9,11,27,31,5,11,19,11,0,0,0,0,0,9,0,2,0,2,0,12,9,0,2,0,0
2,0,13,3,3,0,0,0,9,6,4,3,0,12,0,0,8,5,0,0,2,9,0,0,0,1,0,0,0,16,6,21,22,30,25,15,22,27,24,0,3,0,2,0,0,14,0,0,11,4,0,11,0,7,11
6,0,6,0,10,0,9,0,0,0,0,0,0,14,14,0,4,0,0,0,2,12,1,0,0,0,0,0,0,10,21,33,39,39,56,50,48,16,8,9,0,10,10,0,12,0,2,15,17,17,22,17,0,7
4,13,8,0,0,0,10,10,10,0,0,0,0,0,2,0,0,12,6,0,0,0,2,7,6,9,0,0,10,9,26,38,42,74,51,72,45,33,26,29,18,18,1,2,0,0,7,0,0,3,22,35,19
0,13,0,0,8,0,1,0,0,0,0,0,4,14,0,7,0,2,0,0,4,2,0,4,13,5,13,18,0,19,23,52,61,84,82,90,78,56,23,29,19,2,14,0,11,0,10,6,18,29,30,38
0,4,4,5,4,9,0,9,0,8,0,12,7,0,0,11,0,8,4,0,7,2,0,0,0,12,0,0,0,34,36,73,74,95,100,86,82,50,26,26,17,11,1,5,0,0,0,9,5,32,50
0,0,0,0,3,0,6,11,0,0,0,0,0,8,0,0,0,5,7,2,0,10,0,2,13,4,12,6,6,11,39,57,94,96,95,100,84,46,38,26,21,17,0,4,14,0,0,20,17,45
0,8,0,0,0,9,1,0,0,0,2,5,0,0,0,7,14,0,7,6,5,0,0,4,3,4,0,10,0,29,41,43,64,87,86,96,84,50,39,31,13,0,13,4,0,11,11,1,39
0,0,5,0,4,0,12,0,7,0,9,10,0,5,5,6,0,7,12,7,0,0,13,0,9,6,0,4,24,24,18,47,71,85,80,60,65,55,32,15,18,16,0,0,0,9,12,23
4,1,0,13,0,0,6,0,0,14,2,0,6,1,7,0,0,6,11,5,1,0,7,0,0,0,5,0,2,6,16,33,38,58,46,45,45,43,28,15,16,0,0,0,0,0,6
0,10,11,0,12,4,0,5,0,6,8,13,0,14,0,2,0,2,4,13,4,0,0,0,2,0,1,12,19,2,19,8,17,20,43,42,21,27,8,17,0,0,0,9,1,0
0,2,10,6,0,12,8,7,0,0,5,0,0,0,0,4,0,0,0,4,0,8,0,0,0,0,0,15,0,9,6,7,21,24,12,25,22,9,11,1,7,15,0,0,8
0,1,0,12,12,0,0,4,9,0,0,9,0,0,0,0,0,9,0,0,0,14,13,14,0,7,0,2,0,0,15,0,1,8,22,12,0,2,6,7,0,5,0,6
0,0,0,0,4,0,0,9,0,0,6,0,13,7,14,14,6,8,1,0,7,0,0,0,0,14,0,0,0,0,3,0,0,16,2,1,0,0,0,0,4,0,0
0,0,0,0,0,0,2,0,0,13,6,0,0,0,1,0,11,0,0,12,0,7,12,0,10,1,2,0,4,0,11,1,13,0,10,9,9,0,0,3,10,0
0,12,7,0,0,0,0,0,0,9,7,0,0,4,0,0,0,7,8,0,0,2,2,0,0,6,7,14,0,0,0,0,0,0,0,4,0,14,0,2,0
0,0,9,14,3,0,0,1,0,0,0,6,0,0,0,0,0,1,11,2,0,0,8,0,2,0,8,1,12,0,3,12,0,5,0,0,0,0,13,7
2,0,1,9,0,0,9,0,0,0,2,0,10,0,0,2,14,12,10,14,0,8,7,6,0,0,9,0,3,0,0,0,11,0,9,0,9,10,6
6,11,14,0,0,0,14,13,0,6,9,0,0,0,0,10,3,0,0,11,0,1,10,6,13,0,2,0,1,2,0,1,0,0,13,0,0,9
0,0,2,0,0,0,0,0,0,0,11,8,8,0,0,0,0,2,14,0,3,11,0,5,13,8,6,0,0,0,4,0,0,0,9,0,6
0,12,9,0,0,0,0,0,12,0,11,0,2,0,6,0,0,14,6,7,7,0,0,0,10,2,0,0,0,0,0,0,0,0,0,2
0,5,0,0,4,0,0,12,0,6,4,9,0,11,14,0,4,0,13,3,10,0,13,4,14,13,14,0,0,0,5,13,0,0,11
0,0,0,6,0,9,2,11,0,6,5,0,0,9,12,0,13,14,12,0,0,8,0,4,0,10,0,7,0,0,0,3,0,0
0,0,0,3,12,0,7,0,11,9,5,11,0,2,0,4,0,0,0,14,7,6,1,0,0,7,0,10,0,0,0,0,0
1,2,11,0,0,0,0,4,6,10,0,9,0,0,2,0,0,0,14,0,6,0,11,6,0,6,0,0,0,0,0,5
0,1,0,0,12,0,0,0,0,0,0,0,7,2,7,0,0,8,0,0,0,0,13,0,10,0,0,8,0,0,9
0,0,5,10,0,0,0,0,10,12,13,0,0,0,6,14,9,3,12,3,13,5,0,11,10,0,1,0,0,0
0,10,0,0,3,0,0,0,12,0,0,13,4,6,0,0,3,0,0,14,2,9,0,0,0,0,0,0,12
0,0,0,0,0,4,12,9,7,0,0,0,11,0,0,0,8,14,0,0,0,12,0,0,6,7,0,0
0,0,0,4,0,5,0,13,9,0,0,0,0,9,0,2,0,8,0,0,0,1,0,5,10,0,1
2,5,0,0,0,0,0,11,2,0,0,0,0,0,0,0,0,0,13,0,11,0,10,0,0,0
0,0,1,0,0,0,0,6,0,0,0,0,0,6,0,0,4,0,6,0,0,0,0,0,0
11,0,0,0,0,5,14,1,0,12,6,0,0,0,3,0,0,0,0,0,8,2,12,0
0,0,0,10,0,6,0,0,0,0,0,0,0,10,0,2,5,3,6,4,5,11,0
0,0,7,5,0,0,11,0,14,1,12,10,0,0,11,13,11,0,8,0,0,8
0,0,12,0,7,0,5,0,1,0,1,0,3,3,0,0,0,12,0,0,12
0,2,0,1,0,2,0,0,1,0,11,0,0,0,0,5,3,11,0,1
0,0,0,7,8,0,0,0,0,9,0,0,0,0,2,0,0,0,0
8,4,8,0,0,14,0,3,0,0,0,0,1,8,0,2,2,0
5,0,0,10,8,0,7,7,7,0,0,11,0,4,0,5,2
0,1,0,0,14,14,9,0,0,6,6,0,0,11,5,4
11,4,0,0,11,4,0,7,0,4,7,0,0,0,2
9,5,0,0,5,7,7,9,0,14,3,0,0,0
0,0,3,0,0,0,2,9,0,0,0,0,0
11,10,10,0,7,0,0,3,0,0,0,5
3,9,9,0,0,0,13,1,0,0,0
7,0,0,11,6,12,0,0,11,11
5,0,2,0,6,0,0,5,0
0,0,0,0,4,9,7,3
0,0,0,13,2,0,0
3,0,10,6,0,14
0,0,0,10,0
3,11,0,0
7,0,0
0,0
0
