46,12,74,12,51,76,51,32,66,57,100,63,86,77,46,38,26,96,17,0,23,32,0,52,19,50,44,26,47,80,63,24,99,78,38,74,92,52,40,90,4,45,34,53,100,50,36,39,29,0,15,78,89,4,16,100,56,44,100,0,70,50,68,8,89,70,0,46,83,42,35,13,45,11,76,47,53,48,51,90,44,96,89,66,55,52,54,0,85,42,83,85,24,51,100,46,77,0,97,41
33,36,30,100,82,67,7,70,69,45,18,15,25,82,37,92,37,38,34,40,92,69,74,96,0,81,52,14,100,75,56,45,0,70,100,78,0,14,0,15,45,41,91,82,100,33,12,61,61,0,45,92,100,36,87,78,59,64,50,42,0,58,100,81,21,0,27,39,33,21,100,0,59,41,0,79,50,33,59,100,44,42,17,60,33,0,59,63,100,30,58,0,41,6,81,67,24,78,76
79,46,52,73,9,4,28,39,39,64,55,45,51,46,52,24,51,25,69,41,22,78,0,78,86,44,70,0,40,0,28,55,0,65,75,23,0,14,69,0,90,94,51,89,0,0,54,59,32,25,1,44,0,53,35,65,0,65,47,71,57,60,95,25,40,92,87,31,12,37,33,37,52,46,53,46,77,62,91,6,52,87,100,70,100,78,100,54,0,51,32,100,85,47,100,46,100,14
84,59,0,68,0,61,43,69,57,63,26,93,24,78,0,99,49,42,43,8,0,32,56,0,56,94,62,54,73,44,57,37,56,100,21,70,73,49,84,100,16,48,22,12,99,47,0,44,23,62,4,0,91,12,61,34,90,100,39,31,91,19,35,7,89,76,56,0,54,65,87,8,45,88,71,15,9,17,77,27,43,0,100,17,2,16,100,86,59,54,1,77,68,93,98,0,64
0,35,65,0,0,70,66,35,100,88,32,100,33,56,21,31,57,81,73,100,2,39,18,21,70,49,73,27,53,68,50,12,14,50,13,100,84,64,40,22,71,100,39,39,76,62,95,14,26,82,26,68,38,100,45,59,28,72,73,44,0,94,70,29,9,100,72,41,90,37,82,0,62,63,0,21,56,60,69,97,23,37,41,100,76,12,36,32,30,55,67,0,40,0,51,76
61,86,100,95,14,56,55,11,40,79,68,41,100,33,0,23,100,0,22,100,28,0,79,99,0,47,39,15,11,30,1,57,100,61,35,63,100,80,81,66,92,21,92,0,100,100,46,39,40,7,22,98,44,22,74,0,25,52,54,16,91,56,33,23,27,55,49,52,3,39,77,90,18,68,68,15,0,100,46,19,79,61,55,17,54,85,76,49,100,61,36,11,40,66,67
78,19,52,26,86,75,94,45,8,39,10,8,2,89,1,0,48,20,22,91,56,82,55,98,25,73,94,44,63,70,26,47,38,64,6,100,59,73,62,50,57,79,88,31,21,43,78,54,82,19,23,30,0,85,69,100,60,32,100,85,94,17,12,48,63,66,95,0,0,100,69,0,66,64,35,69,11,43,27,0,49,78,40,62,49,12,58,20,50,35,11,32,27,27
77,81,100,13,0,55,79,94,36,32,81,59,30,33,35,61,41,43,38,89,52,56,51,69,83,4,100,25,0,29,81,0,17,100,34,100,75,5,81,26,22,43,100,45,58,40,100,94,51,98,32,100,25,19,83,68,30,89,35,68,37,32,100,0,8,69,33,47,66,29,100,54,51,11,76,20,65,25,56,73,21,69,34,25,19,64,88,100,39,19,43,0,37
75,100,0,37,34,75,75,64,55,3,18,77,73,31,0,43,32,19,92,62,64,2,33,20,38,46,21,67,100,72,7,45,100,100,53,100,100,24,19,95,10,39,84,33,26,47,9,70,15,100,56,42,100,60,100,65,84,86,9,35,88,13,3,49,56,0,94,9,92,63,32,40,73,71,51,47,11,9,71,77,36,23,82,60,92,33,31,56,0,83,27,33
37,57,30,26,31,12,69,57,72,91,30,24,49,34,41,61,72,31,4,56,39,70,97,14,0,82,15,9,68,57,27,85,35,44,53,1,100,80,34,35,44,74,69,30,60,94,78,93,4,51,38,0,100,64,22,94,55,43,15,38,72,100,44,29,62,18,6,96,18,49,42,13,66,0,36,38,21,57,72,42,63,96,53,98,10,100,59,3,13,81,18
24,0,53,69,83,30,33,32,58,38,33,37,84,72,15,26,30,16,32,69,56,39,100,37,20,98,21,67,63,100,17,33,100,23,80,55,21,23,35,83,79,56,36,49,35,2,36,36,65,45,97,0,16,51,81,0,93,67,40,0,62,64,46,83,100,0,61,29,52,56,19,89,67,13,65,79,91,57,54,44,31,31,23,21,100,82,70,0,80,29
74,21,27,87,100,1,38,45,65,38,34,64,22,16,81,0,93,16,36,89,52,41,77,75,55,62,15,60,85,0,66,0,66,5,61,60,100,100,47,19,92,74,30,25,28,0,66,37,0,77,50,0,36,63,0,13,62,0,100,100,38,34,54,28,33,49,23,21,65,44,59,22,25,8,73,65,78,19,28,58,79,60,78,52,90,43,50,57,7
11,82,0,35,19,44,4,0,96,74,100,0,100,5,0,45,64,50,100,22,71,28,36,38,47,100,23,61,40,100,61,11,62,90,48,0,24,100,54,77,100,6,10,61,26,100,88,33,11,6,5,100,94,100,100,10,13,78,66,86,19,93,53,66,52,35,49,0,35,100,49,44,100,27,0,93,0,49,36,80,71,66,60,0,50,77,96,26
29,100,100,64,85,74,63,65,64,0,37,50,74,46,49,100,53,100,43,26,11,35,100,0,43,2,95,27,60,29,29,32,29,75,0,66,28,47,58,75,49,54,98,75,46,0,49,9,100,69,76,81,94,37,100,75,18,83,33,100,10,85,77,8,49,36,41,16,0,42,46,30,6,100,19,44,100,18,43,25,10,68,55,28,53,53,35
62,26,14,63,53,60,65,35,1,45,17,74,75,23,54,69,0,74,58,52,100,52,71,44,79,100,39,68,94,100,68,70,100,33,69,40,71,36,0,59,40,73,36,27,75,78,55,88,65,100,62,100,66,45,27,9,98,100,56,47,71,51,49,62,35,0,42,98,43,0,11,70,31,0,32,57,0,84,34,0,74,65,0,74,30,41
93,21,75,86,59,31,100,60,6,1,0,0,21,74,43,64,100,40,61,37,67,53,79,81,27,16,25,100,78,100,0,40,100,0,70,52,26,57,93,70,38,63,91,51,86,82,23,33,13,15,60,4,32,60,59,41,72,53,42,77,35,48,20,50,65,17,100,65,31,0,57,50,24,48,30,64,9,100,60,100,62,73,42,56,51
22,86,36,67,65,16,100,37,43,0,100,100,61,26,71,65,19,83,0,45,88,0,37,94,78,7,49,23,36,85,100,0,62,36,64,9,61,71,56,40,45,68,0,0,48,29,59,37,54,100,85,100,100,43,44,46,2,7,0,44,89,23,58,100,65,0,75,3,5,47,70,81,12,59,68,46,15,3,73,88,21,79,73,51
33,54,71,80,0,41,74,35,69,23,67,40,41,22,68,76,72,55,32,40,0,72,42,15,42,9,21,32,17,52,20,69,76,79,0,4,6,32,15,22,23,51,75,53,81,31,0,97,75,22,69,78,58,79,49,37,76,50,71,39,10,96,7,56,27,92,64,13,51,70,62,61,32,44,100,0,0,76,0,20,100,27,63
87,0,98,46,70,29,71,47,0,51,58,53,100,75,29,7,33,100,18,17,65,100,55,47,45,27,33,33,100,77,42,50,54,34,1,65,39,35,63,73,49,0,4,40,0,8,63,71,73,0,4,73,57,55,42,17,60,0,76,25,24,71,87,24,73,100,49,80,45,100,45,79,80,47,100,0,68,30,41,90,64,72
13,21,40,58,34,26,42,35,43,14,76,100,0,0,91,4,33,31,60,38,100,43,76,100,96,100,60,0,100,82,15,79,16,71,84,34,56,1,0,11,0,58,89,79,0,45,32,37,77,96,33,0,10,11,15,41,32,95,63,55,89,72,59,3,47,66,74,78,71,12,56,0,68,32,62,12,76,100,40,74,17
41,47,75,80,53,0,16,55,37,76,71,10,79,30,31,98,22,61,96,47,49,68,100,71,44,16,70,43,65,20,17,90,78,100,47,90,43,84,51,29,26,77,26,10,100,100,27,69,91,65,63,72,57,100,87,49,54,100,69,44,61,60,100,77,100,72,38,49,37,37,0,31,74,50,94,61,16,54,100,48
100,94,34,5,62,66,64,100,26,100,88,55,8,60,100,77,73,19,24,80,81,0,58,30,74,63,70,48,18,26,61,42,2,100,56,40,31,53,70,0,57,64,58,48,100,97,30,28,63,32,24,23,4,72,74,0,87,71,59,86,0,17,7,49,50,70,63,27,33,42,80,53,80,1,18,100,62,41,30
97,74,14,85,83,96,100,28,0,1,0,25,89,47,78,45,63,81,32,0,5,44,0,39,66,9,34,76,14,54,100,68,24,89,66,22,71,49,0,71,52,21,51,59,43,65,70,20,34,70,32,34,69,72,68,0,80,55,42,23,100,70,94,34,54,99,69,33,39,37,0,61,89,19,25,63,93,49
91,42,73,64,52,43,35,26,25,100,28,81,4,16,44,27,62,83,43,46,72,74,46,43,19,70,26,32,56,63,68,95,86,55,62,57,35,38,86,19,63,60,24,88,79,79,43,59,80,75,46,11,46,72,59,70,82,65,22,70,78,21,53,79,0,32,81,75,23,86,0,63,21,0,0,20,55
66,49,100,7,54,0,15,100,86,0,15,30,73,3,35,42,64,53,100,0,22,81,56,100,100,49,37,56,57,0,32,56,25,28,88,48,76,65,0,1,25,76,70,40,57,60,0,15,54,60,37,36,100,32,0,76,36,55,42,87,70,75,42,60,100,100,20,76,54,41,51,90,42,55,77,83
17,87,0,23,56,38,67,47,100,62,19,62,0,88,100,100,0,28,58,57,45,100,92,90,22,31,23,50,63,25,11,88,71,45,66,100,44,37,97,89,60,58,38,5,11,90,63,78,8,16,76,100,78,33,63,94,100,15,62,25,65,85,2,73,12,34,94,0,25,24,53,70,49,9,68
81,0,61,88,69,28,45,0,47,0,86,51,0,0,0,70,73,18,0,45,72,77,100,37,49,63,96,52,6,67,16,95,27,51,28,4,63,41,54,24,6,53,32,5,23,0,19,44,45,5,55,47,26,21,0,41,51,33,100,61,67,83,43,100,0,14,55,45,100,0,88,54,0,6
0,68,22,72,34,54,14,100,25,34,80,94,7,26,0,0,55,0,91,21,59,74,31,7,24,63,59,100,49,78,51,46,73,59,100,71,29,36,81,0,88,86,20,49,91,100,77,100,54,71,49,72,35,59,18,54,34,31,100,41,85,84,50,68,29,77,69,0,43,18,50,97,67
40,30,24,35,64,0,59,12,52,62,0,40,5,59,88,40,0,64,79,50,38,14,64,58,66,8,100,48,18,58,75,54,77,42,28,49,21,33,75,86,47,39,81,39,52,100,2,38,0,0,30,12,100,0,77,36,49,69,0,63,77,2,10,68,100,46,5,100,42,69,21,75
35,79,44,71,48,89,0,22,6,75,33,21,44,96,42,99,41,95,52,66,45,69,45,90,47,98,87,68,1,5,80,57,58,2,62,35,48,43,40,54,18,100,27,22,43,47,85,23,28,27,84,100,70,89,31,76,99,92,74,15,59,100,3,71,64,85,66,35,7,75,100
20,89,47,51,29,41,19,89,0,69,72,51,100,0,40,78,64,78,52,0,58,47,97,0,65,68,36,76,28,50,21,57,81,22,100,50,0,94,41,94,56,53,43,7,0,22,19,0,100,62,85,44,65,12,46,67,63,1,27,78,53,0,47,8,39,17,88,42,100,66
100,66,37,8,58,7,45,66,100,10,100,82,99,87,63,6,72,40,0,0,100,36,0,87,60,53,0,28,77,0,45,51,67,66,92,55,56,49,46,32,36,67,16,38,83,78,25,66,23,20,68,0,51,35,21,46,89,73,95,26,79,57,93,34,80,13,0,0,32
33,69,66,95,57,26,39,85,39,60,55,42,75,15,27,41,12,23,53,30,38,19,83,0,61,81,66,56,6,0,39,10,0,61,94,82,35,4,74,54,26,46,0,49,57,39,59,100,74,15,92,67,14,27,26,22,22,85,71,16,76,56,100,94,65,49,85,41
100,48,37,0,14,45,67,39,43,100,64,79,16,89,75,92,0,7,37,19,60,84,51,69,32,32,25,47,97,87,0,41,29,57,24,14,78,0,93,49,24,17,65,75,67,3,65,46,38,33,93,57,0,53,33,67,2,56,8,0,11,58,97,61,20,74,0
39,81,0,8,63,100,100,100,87,24,0,50,82,43,62,25,64,100,6,77,48,97,12,65,55,83,70,36,36,13,59,68,46,56,19,26,69,56,100,32,66,26,79,83,79,22,62,53,51,77,65,33,28,59,100,21,54,68,48,85,29,48,50,0,36,84
0,52,35,92,23,51,5,73,58,82,98,41,67,7,43,40,26,51,60,15,1,100,47,31,38,5,88,47,45,38,49,72,86,48,91,73,86,12,20,13,59,13,31,6,96,15,73,51,57,49,94,36,76,0,19,30,87,12,0,8,58,16,100,0,0
7,52,79,97,90,62,23,46,85,16,16,100,60,39,52,81,100,36,65,92,42,36,100,16,56,71,36,57,64,38,50,100,82,67,73,98,0,51,38,69,65,63,16,64,78,77,33,36,72,39,0,59,17,33,54,74,73,63,92,0,65,0,29,57
56,0,47,25,36,36,31,50,46,33,82,54,54,62,51,66,100,11,22,31,53,69,73,23,100,29,97,0,85,12,51,39,9,66,0,100,53,0,23,36,37,9,49,88,3,100,32,96,25,26,7,50,90,0,100,100,65,100,0,69,74,0,0
39,47,52,19,71,50,37,78,63,67,0,54,100,80,43,72,77,26,19,32,67,15,68,17,59,79,0,8,100,11,44,54,29,49,39,60,34,100,31,63,48,75,35,56,76,0,47,29,62,68,100,92,80,97,67,18,62,81,38,10,10,100
85,61,75,53,22,22,56,15,60,61,100,34,10,0,0,100,68,51,58,86,36,50,100,100,71,40,31,35,33,38,0,79,50,69,0,57,42,71,45,17,100,70,55,63,0,14,0,67,30,71,9,55,37,66,9,0,55,44,57,0,0
57,4,46,100,79,75,68,39,64,0,42,16,27,100,0,97,59,29,67,100,67,35,100,79,60,81,100,78,6,100,16,91,0,28,61,0,79,70,0,95,67,27,0,61,6,51,44,47,0,70,26,11,51,60,70,84,100,90,0,36
0,32,61,42,43,29,100,62,39,57,39,70,28,15,1,6,27,57,2,2,55,14,27,37,24,51,0,95,93,30,54,63,24,18,23,1,80,65,76,54,0,19,28,100,60,28,17,85,66,13,29,73,58,32,82,84,69,99,25
78,6,34,47,40,100,58,62,32,49,46,20,51,20,49,12,100,77,54,5,18,75,62,57,55,49,68,59,86,79,25,0,32,0,0,82,88,2,74,53,32,62,71,84,17,52,93,94,100,18,51,98,79,33,14,100,46,55
100,49,64,27,56,56,91,79,100,16,18,85,45,62,85,67,0,31,5,48,66,100,19,100,29,69,23,56,100,62,26,49,51,100,82,42,87,100,100,49,48,34,55,31,28,87,64,53,71,91,41,38,77,70,91,25,38
56,51,72,100,44,90,19,73,54,0,39,57,44,58,100,85,22,67,0,70,47,86,70,100,54,4,34,40,1,26,47,41,100,0,67,39,50,37,27,36,9,20,0,62,93,59,88,82,100,35,24,34,51,77,40,88
54,41,90,75,13,92,54,0,42,32,52,100,0,10,87,78,18,92,21,100,5,44,14,33,77,62,0,83,14,67,1,59,64,94,91,60,99,32,32,85,66,60,52,60,48,68,15,100,41,30,24,87,31,100,94
47,100,64,100,100,100,100,95,82,46,78,0,22,78,80,94,61,29,52,54,99,69,100,45,52,38,57,100,60,50,69,100,100,49,55,4,100,53,11,22,100,58,38,100,5,22,100,10,53,14,0,82,47,35
52,43,0,27,17,61,67,68,34,50,66,56,23,95,28,100,14,37,32,22,84,38,75,86,0,82,98,100,29,0,77,50,57,41,100,4,59,100,73,16,45,10,28,50,83,38,35,71,64,57,100,21,34
29,79,100,0,59,49,63,100,0,79,64,77,57,32,100,85,78,7,2,23,22,47,20,73,20,100,22,0,73,32,22,100,100,60,83,60,35,64,37,10,54,0,56,63,0,64,89,70,3,100,84,24
100,59,79,34,59,9,23,34,26,39,100,100,89,4,28,100,0,91,80,82,12,78,0,49,71,15,57,100,55,100,52,0,33,0,69,21,67,0,61,31,29,3,0,26,46,33,97,15,41,21,55
13,40,54,0,31,10,40,29,81,86,78,64,59,19,65,85,77,18,51,71,86,28,53,62,53,79,76,51,65,18,86,67,66,37,0,41,28,65,95,58,75,100,33,52,63,23,52,45,68,100
20,49,92,54,60,29,0,27,63,65,100,27,66,0,29,37,5,18,51,52,64,44,76,66,23,93,47,0,48,0,36,42,33,20,89,22,18,40,36,58,34,38,100,90,52,0,59,57,24
0,26,12,20,0,16,100,54,76,100,0,22,48,49,69,56,57,4,61,90,60,100,38,41,47,0,75,100,27,63,100,10,24,39,51,8,0,85,14,58,69,5,58,55,37,29,0,79
31,0,9,28,11,42,62,4,32,28,34,40,0,12,81,100,100,42,100,61,19,70,18,88,30,86,68,24,41,39,34,32,13,57,69,24,13,82,14,62,72,6,12,90,3,55,25
0,41,55,77,8,100,41,25,62,100,0,74,99,31,59,40,85,40,51,83,17,29,9,95,52,88,43,36,5,52,52,34,58,0,0,60,21,100,55,52,3,54,92,1,31,20
0,0,53,67,79,66,100,100,58,62,19,83,76,20,59,51,57,46,94,100,60,64,69,22,59,59,9,79,0,41,38,92,80,67,69,6,34,85,69,99,46,29,0,81,46
73,84,83,90,77,0,86,12,0,42,62,55,100,41,20,100,19,32,78,0,95,88,12,72,37,8,72,35,9,73,14,50,52,36,36,80,42,43,67,6,26,48,54,41
39,70,20,63,30,98,0,63,5,45,87,30,40,42,87,100,69,0,0,34,63,49,85,0,0,75,2,90,33,77,66,15,62,77,38,100,89,49,62,50,77,83,28
0,90,66,0,60,30,31,84,34,100,100,100,59,33,37,19,100,68,90,7,43,42,19,7,46,0,73,29,16,34,85,100,43,74,43,64,0,58,51,79,10,26
47,24,1,18,15,65,45,45,13,50,0,14,39,100,28,35,82,27,59,0,94,61,64,100,60,89,18,37,38,6,64,49,65,24,0,100,16,21,76,100,49
63,11,17,49,34,14,71,50,43,39,60,89,75,48,47,0,53,34,100,69,56,0,24,94,51,47,11,44,1,0,0,90,56,14,0,21,39,54,71,100
58,30,46,100,67,30,97,22,56,19,100,97,57,83,55,47,12,90,0,87,51,34,85,59,26,39,26,85,2,11,20,96,6,3,66,63,0,41,49
16,9,88,100,65,99,99,65,48,20,0,0,51,90,30,100,38,75,10,47,90,34,16,43,60,36,12,43,11,78,0,48,55,21,51,68,20,43
54,59,33,33,73,44,58,9,9,29,0,32,37,85,4,70,40,22,85,80,62,28,19,47,47,100,0,24,84,59,63,36,55,75,80,61,100
100,100,48,30,23,48,11,12,21,22,83,69,0,34,15,36,62,81,48,38,98,66,83,45,43,72,98,69,39,58,13,70,38,21,100,37
72,42,100,54,42,1,100,81,100,46,86,9,65,34,86,2,0,47,17,68,46,79,28,6,0,27,6,68,16,37,0,55,0,17,22
56,95,0,83,37,99,59,54,80,100,73,88,35,28,86,0,21,88,59,25,52,71,38,100,49,100,33,74,42,84,9,62,0,37
38,29,14,47,23,59,54,81,76,66,47,26,8,71,0,2,99,68,83,81,86,58,46,47,100,41,16,74,94,76,31,11,100
82,48,94,55,38,19,68,64,0,70,98,100,100,31,2,52,100,13,42,35,47,32,12,61,81,41,77,30,64,25,15,27
40,67,96,96,74,75,100,38,38,56,67,30,90,14,48,65,53,53,66,31,35,0,10,53,68,5,83,0,21,53,100
28,69,16,64,76,11,33,71,0,37,48,74,59,15,100,38,44,85,70,98,85,92,76,52,100,0,65,5,69,73
51,80,37,100,72,100,0,41,81,38,52,51,3,0,44,76,79,35,12,58,32,100,100,47,20,49,19,77,99
59,39,100,53,71,1,46,58,45,52,49,25,25,64,0,58,91,100,85,25,28,7,78,52,36,19,0,48
22,30,71,10,37,43,73,77,0,0,26,45,0,37,59,36,2,60,3,30,72,33,80,100,4,0,0
100,30,100,100,0,64,96,11,75,34,18,59,42,52,87,55,41,69,98,49,53,52,87,100,0,100
0,52,21,8,54,59,29,40,50,52,69,34,47,84,31,25,64,85,8,49,77,30,17,86,45
37,38,60,95,16,65,92,18,61,43,63,70,46,74,56,45,70,55,0,18,63,50,33,13
99,6,21,69,66,33,37,54,52,45,0,25,62,19,100,82,13,57,0,0,95,21,48
31,23,56,62,25,70,69,59,69,46,5,85,75,6,16,48,8,42,46,17,0,100
42,0,86,15,0,100,91,86,78,60,42,50,82,69,61,9,0,61,45,32,14
89,59,34,8,55,15,29,58,67,83,78,0,0,100,55,45,78,42,100,94
69,23,64,41,79,62,25,6,9,12,83,46,73,100,54,3,100,74,14
61,26,95,64,71,39,25,0,15,67,57,0,20,66,0,26,65,58
24,64,69,91,27,92,90,32,7,24,49,57,41,49,12,43,41
12,59,35,95,0,25,71,73,66,0,90,100,59,0,51,83
100,60,31,46,21,52,79,31,14,38,61,66,26,86,3
60,44,37,0,32,58,87,100,100,0,33,32,28,100
50,76,43,23,49,64,36,100,0,0,60,89,48
35,16,51,62,12,92,0,14,40,75,50,50
5,54,53,74,70,10,100,56,73,34,90
77,28,1,64,16,82,49,0,71,100
31,2,46,0,82,47,81,44,74
53,62,61,34,76,100,25,30
66,29,38,28,81,76,58
62,0,11,100,100,22
50,7,66,29,38
43,64,89,0
4,100,100
48,28
31
