0,0,0,1,0,0,4,0,2,9,0,0,10,0,0,6,4,0,0,10,0,0,7,14,0,0,0,13,0,0,0,14,0,3,0,4,11,0,1,0,0,11,0,0,0,7,0,6,0,0,0,0,1,11,6,10,14,1,0,5,0,13,0,1,0,7,13,0,5,3,0,8,10,0,2,0,0,0,11,0,0,0,0,0,4,7,3,0,0,10,0,12,0,8,0,9,0,11,0,0
0,12,0,0,0,5,7,0,0,0,1,4,12,4,0,0,11,0,0,6,0,9,13,4,0,0,14,4,0,8,6,0,0,0,8,0,0,9,5,0,0,3,1,0,0,0,13,4,0,8,0,1,10,8,13,8,0,1,6,0,0,12,5,0,0,0,0,9,0,0,0,12,0,3,7,0,0,3,0,11,0,0,0,0,0,7,0,0,0,0,5,8,0,0,0,10,0,0,14
0,0,0,0,7,10,3,0,0,0,0,0,5,0,3,0,0,0,9,5,1,0,2,13,11,6,11,0,5,13,1,0,0,7,0,0,0,0,0,0,0,0,2,13,0,0,3,10,3,0,0,9,0,0,5,0,0,0,0,0,0,0,1,0,0,14,7,3,9,0,5,9,3,1,0,7,0,0,3,13,0,0,0,0,7,2,6,0,0,8,0,9,7,4,0,11,0,0
0,0,0,0,10,0,0,0,0,0,5,12,0,10,0,0,0,0,0,3,0,0,0,0,11,0,0,9,0,0,11,0,0,2,11,14,3,0,2,7,13,12,0,0,0,2,7,0,3,0,0,0,0,0,0,0,8,0,3,0,0,0,0,8,0,0,0,0,0,9,0,0,5,0,8,0,2,0,0,3,9,1,0,6,11,0,0,9,8,4,0,0,1,5,0,0,13
0,1,0,0,2,10,2,0,0,9,0,0,0,11,0,0,13,0,0,10,3,12,0,2,5,0,11,1,0,0,0,0,5,0,8,0,14,6,12,0,0,0,0,14,0,5,0,8,2,0,5,0,0,0,0,0,0,0,0,0,11,11,9,5,14,0,14,0,0,0,0,11,14,1,0,0,14,0,6,10,11,9,11,6,3,7,0,0,0,12,0,0,0,0,12,12
6,8,0,1,0,0,4,2,8,3,0,0,6,2,0,0,0,5,0,0,4,0,0,0,0,0,0,12,0,14,1,13,0,0,5,0,5,13,0,0,3,0,0,0,7,7,2,0,4,0,0,0,14,0,0,2,4,0,0,14,1,4,3,8,13,1,0,7,0,0,10,0,2,7,0,0,0,0,12,10,0,0,0,0,0,0,10,1,0,0,0,0,0,0,6
0,7,0,5,0,2,7,0,11,10,7,0,0,10,0,7,14,8,0,8,8,5,0,0,0,7,10,13,0,3,0,4,9,6,10,0,10,10,7,6,0,4,2,0,0,7,0,7,0,0,6,7,8,14,12,0,0,6,13,0,6,0,0,13,6,0,4,0,8,12,0,4,0,4,11,11,10,0,0,8,2,0,0,9,0,0,0,9,0,0,0,12,0,12
0,0,0,0,0,0,0,10,4,0,0,3,9,7,12,0,0,10,10,7,2,0,0,2,2,0,14,0,0,2,12,3,0,4,0,13,10,0,0,5,0,1,0,0,4,0,7,0,0,7,5,8,0,0,0,0,9,0,2,3,0,9,7,0,0,10,0,14,0,4,14,11,0,14,13,0,8,0,7,0,0,0,11,0,0,4,3,2,0,1,3,0,5
10,4,5,12,0,9,0,10,4,3,3,7,0,2,0,0,0,0,0,5,10,13,2,0,0,7,3,0,0,13,0,14,10,0,8,0,9,0,10,13,0,0,0,12,0,8,0,5,0,0,0,0,0,4,2,7,0,0,0,0,0,0,0,0,0,0,14,0,13,0,0,0,0,0,0,0,9,0,10,0,0,3,0,0,9,0,0,5,0,0,0,6
0,0,0,0,0,11,0,0,0,0,0,4,0,5,13,0,0,0,2,0,7,4,2,1,12,8,0,13,2,5,0,3,0,3,0,2,0,0,8,12,2,8,0,0,0,6,8,0,5,7,0,0,3,0,0,4,0,0,0,0,10,12,0,0,0,0,0,7,0,0,0,10,13,11,0,1,5,0,0,0,12,5,9,14,0,7,0,1,4,0,5
0,0,9,2,0,0,14,0,14,0,0,0,0,0,3,0,11,8,13,0,0,11,11,9,9,12,5,0,2,0,6,0,0,0,0,0,0,0,0,0,0,5,0,6,4,4,14,0,0,12,14,7,8,0,13,0,0,3,0,0,12,11,0,0,0,0,9,8,11,3,2,8,1,9,10,0,7,0,8,0,4,2,0,7,0,0,9,5,0,0
0,7,4,0,5,8,0,9,0,0,0,0,12,10,0,0,0,3,14,0,0,6,0,1,14,11,2,0,0,12,10,0,8,2,0,0,3,0,0,3,0,0,0,0,0,0,12,12,0,0,4,13,0,13,5,0,5,0,8,2,8,0,1,0,0,0,1,0,0,1,9,0,0,10,0,0,14,5,8,0,0,3,0,0,10,0,6,0,2
0,0,7,11,12,0,0,0,0,5,0,9,13,0,0,11,14,14,0,8,0,0,0,9,11,0,12,9,0,0,0,0,13,0,1,6,13,0,2,14,0,0,0,8,0,4,0,0,0,1,0,14,0,0,0,0,0,2,13,6,0,0,0,0,5,5,8,0,11,0,0,0,0,0,11,6,14,7,6,11,0,0,0,8,6,1,0,2
2,13,0,12,2,0,8,0,0,10,13,4,8,8,10,0,1,0,11,0,11,0,6,8,0,7,0,0,0,11,11,0,0,0,4,0,0,9,0,0,0,3,0,12,0,0,0,10,1,0,0,3,7,0,0,11,7,0,1,0,0,0,0,0,0,6,0,0,0,0,10,0,0,8,0,0,2,0,0,4,7,0,0,0,2,5,23
0,14,5,0,0,0,0,0,8,0,0,0,2,2,0,0,0,0,12,8,0,3,0,8,1,0,0,0,8,0,5,14,0,0,9,0,14,0,5,0,1,8,0,9,5,0,0,0,0,8,0,14,0,0,14,0,14,5,0,0,2,10,0,2,0,0,4,0,0,0,12,0,0,5,11,0,14,0,13,13,5,0,0,0,0,7
0,4,12,8,0,0,5,2,6,13,0,0,6,0,7,12,0,0,8,4,11,14,11,0,0,8,8,0,9,6,0,0,13,5,0,0,5,0,14,0,0,8,1,13,14,0,9,2,0,9,0,5,0,0,2,0,8,1,4,1,5,13,7,0,7,0,3,0,10,0,0,0,5,4,0,0,6,13,14,12,9,0,0,0,4
0,0,2,9,7,5,0,0,11,0,12,7,0,0,0,10,0,0,0,0,0,1,0,7,0,0,0,0,12,11,0,0,0,0,6,9,13,0,13,11,0,0,0,2,0,0,15,0,4,18,0,0,10,0,12,0,9,11,0,7,0,0,4,0,11,5,14,0,11,0,13,2,0,0,0,13,0,14,0,2,9,3,1,4
0,0,5,0,11,0,5,0,7,7,0,0,0,0,5,9,0,0,9,0,0,0,0,0,3,7,0,10,0,0,13,6,9,8,0,0,0,0,0,1,0,0,0,0,0,0,7,20,21,2,13,13,0,0,0,0,0,0,2,16,0,0,8,0,1,11,5,0,0,0,10,0,5,0,0,0,0,0,0,9,0,0,0
0,4,11,1,6,0,11,0,0,0,0,3,11,2,0,0,0,10,0,4,3,0,2,0,9,0,8,2,12,3,6,0,0,4,0,0,0,10,6,0,0,6,12,0,4,13,23,22,37,14,25,17,27,14,15,2,0,16,0,19,0,13,5,13,12,13,2,0,0,2,0,0,0,3,0,0,0,0,0,10,0,0
5,0,2,0,10,3,0,0,4,0,0,0,0,0,9,0,0,7,4,7,14,0,8,0,0,10,11,6,13,0,9,11,0,2,0,0,5,0,5,0,12,0,11,0,1,23,6,30,40,33,51,44,44,20,8,11,0,2,17,20,21,26,8,13,0,0,15,10,0,12,12,0,3,13,2,0,13,14,0,0,6
7,11,0,11,9,12,6,0,0,0,8,5,0,0,10,0,1,0,0,0,0,0,10,5,11,0,11,0,1,8,0,1,0,0,14,0,12,0,14,0,0,0,0,7,10,4,24,49,50,53,56,63,56,36,28,26,10,29,29,22,18,15,31,4,3,20,3,0,0,0,4,0,0,0,5,0,1,0,0,0
1,0,0,4,0,0,0,3,0,0,0,6,0,10,0,0,0,9,1,13,0,0,5,9,13,0,14,0,0,5,0,0,0,0,10,7,5,6,7,0,13,0,14,9,11,10,24,64,59,76,81,80,68,39,46,15,33,16,38,41,51,50,33,24,30,16,7,0,0,0,0,2,0,0,8,11,7,10,0
4,0,0,0,12,0,10,8,6,8,5,6,0,0,0,0,6,0,13,3,10,0,13,0,14,13,9,5,0,9,0,3,8,0,6,0,0,0,0,0,0,11,5,11,22,20,47,51,90,99,88,89,76,45,56,36,45,56,65,45,51,48,47,44,12,19,11,0,0,0,2,14,3,10,0,6,0,2
0,5,0,13,14,0,11,12,9,0,0,0,0,0,0,0,0,0,4,2,0,6,0,9,0,0,6,5,0,12,12,4,0,2,12,13,12,7,0,0,0,0,3,12,16,22,33,56,90,100,100,79,72,60,41,32,50,61,62,70,68,74,73,48,32,18,21,1,4,0,0,0,0,0,9,2,8
13,0,0,13,0,0,1,0,0,0,5,0,11,7,4,13,13,10,0,10,0,0,0,0,0,8,2,0,7,0,6,7,7,11,8,10,0,0,2,11,0,10,17,9,19,14,28,63,86,84,94,85,67,50,36,37,47,56,69,90,100,92,83,56,39,20,0,5,10,0,0,13,0,8,0,0
0,0,6,7,0,4,0,2,8,0,0,0,0,0,0,0,0,11,0,0,0,0,0,0,0,10,0,0,0,5,0,2,0,4,0,0,12,3,0,14,6,1,2,16,21,34,31,44,65,72,67,62,64,39,32,53,37,76,76,82,100,79,77,64,51,27,20,6,0,6,0,0,0,0,9
2,0,12,13,9,0,7,0,0,0,0,0,1,0,10,4,0,3,14,0,7,1,1,0,0,4,3,5,6,0,11,10,0,14,4,11,0,0,0,12,0,0,6,18,6,11,28,33,53,54,46,65,42,26,33,30,49,59,70,93,88,95,60,55,31,19,0,8,8,0,0,3,10,2
0,0,0,9,0,0,4,5,4,0,8,5,0,5,11,0,6,11,0,13,12,0,14,10,0,2,0,0,0,0,0,0,11,5,13,2,7,0,0,0,11,10,1,15,11,9,22,18,32,48,42,39,17,14,12,28,29,48,77,65,82,61,62,54,17,30,19,0,0,0,12,0,11
6,6,0,7,6,0,12,1,14,0,1,2,0,7,0,0,0,14,0,0,5,0,0,0,0,0,0,0,4,12,13,4,0,4,10,0,8,0,0,14,0,3,0,0,0,2,21,9,7,23,35,32,23,14,11,20,37,29,40,56,54,60,53,22,28,12,0,0,9,0,9,11
4,14,0,0,5,0,13,0,0,8,14,0,0,0,8,0,12,5,2,11,1,0,0,14,11,0,0,5,0,0,0,8,2,0,6,4,0,5,16,5,0,0,0,0,0,5,5,14,11,22,3,16,11,2,8,24,21,15,32,30,48,30,43,18,6,10,6,9,0,0,0
0,1,0,0,8,0,11,6,0,0,0,1,7,0,13,0,14,0,0,0,13,10,4,0,0,4,0,0,3,0,0,7,8,0,11,16,12,3,1,0,3,15,9,0,0,10,1,3,16,18,16,12,18,5,2,8,19,28,7,28,36,22,18,10,10,12,0,0,2,0
0,0,6,0,12,1,1,12,14,14,0,0,10,12,4,10,10,14,0,13,0,5,0,6,14,0,10,0,0,3,0,0,0,8,0,0,8,17,11,16,13,13,0,11,0,0,8,15,14,3,14,0,0,14,0,4,14,21,5,12,12,12,6,17,0,0,15,0,0
1,0,0,11,0,0,0,5,3,0,7,3,0,0,9,14,0,0,0,1,0,1,0,3,10,6,9,1,1,0,14,0,17,0,21,26,18,7,7,14,22,11,15,0,13,3,1,12,7,7,2,0,0,0,5,14,11,3,3,6,15,1,15,3,0,14,0,0
3,0,0,13,0,0,14,14,0,6,8,6,8,10,10,0,11,0,2,7,12,12,0,2,4,9,0,5,3,0,1,1,13,11,17,29,40,41,34,40,16,28,19,9,1,0,5,5,0,7,0,0,0,11,11,8,0,8,3,0,0,7,0,10,0,0,0
0,0,0,5,0,4,3,0,8,0,14,9,0,0,6,0,6,3,14,14,2,0,0,6,0,0,7,0,0,5,0,0,4,24,25,40,56,68,44,49,38,34,24,0,2,9,0,14,1,6,0,2,0,3,4,7,9,0,12,14,0,6,8,0,3,9
9,0,0,9,1,0,0,0,4,0,13,0,4,0,14,5,0,0,0,0,0,0,0,0,0,8,7,7,3,0,17,15,10,21,30,62,69,84,73,80,66,42,22,13,10,0,6,0,0,14,13,8,12,9,0,8,0,10,2,6,8,0,6,0,0
10,3,14,0,0,0,6,0,0,0,7,0,4,10,0,0,0,0,2,8,7,8,12,0,4,0,0,6,3,0,4,2,17,30,34,68,91,91,90,71,62,39,17,21,0,3,0,6,0,0,0,0,12,3,0,9,1,0,0,0,0,4,0,0
0,0,1,7,6,5,0,6,0,1,10,0,0,11,0,0,0,0,14,0,0,0,0,7,10,9,8,9,0,15,0,4,11,45,66,65,75,87,88,72,67,48,20,29,18,13,0,9,3,6,4,6,14,10,0,0,11,0,6,0,0,9,0
0,0,0,12,0,13,0,0,1,4,14,0,0,0,0,14,7,0,9,9,0,0,4,0,6,11,0,14,0,0,12,20,23,36,44,80,87,100,100,87,62,53,16,27,21,4,15,0,0,4,5,3,0,0,0,1,0,12,5,0,0,0
0,0,0,0,0,7,0,2,0,0,3,0,6,3,1,0,1,2,7,0,0,9,0,12,0,0,8,0,0,11,0,2,30,27,49,47,83,92,71,61,47,34,28,9,9,9,0,1,0,2,1,1,12,0,0,3,5,14,0,0,8
0,2,0,0,0,0,5,13,13,0,9,0,4,0,9,4,8,1,0,7,0,4,11,8,12,8,6,4,0,0,0,0,18,16,42,47,51,63,52,70,40,17,25,25,0,3,0,1,2,8,0,0,0,0,0,3,0,0,0,0
0,4,2,0,1,0,0,7,12,0,4,1,7,0,0,3,0,8,0,12,1,7,0,8,3,0,3,0,11,0,13,0,22,16,13,29,53,48,49,39,18,22,26,0,2,8,10,0,0,0,10,7,0,3,0,14,1,14,6
13,11,3,3,3,14,0,0,3,0,11,13,2,0,0,0,0,0,0,13,0,3,0,3,0,7,6,0,0,2,0,0,16,21,3,6,21,34,14,20,8,1,4,16,9,0,0,3,2,10,0,4,0,0,8,6,1,0
8,2,5,11,0,0,6,6,0,0,10,0,0,0,4,7,4,10,0,2,7,9,0,4,3,0,0,0,11,0,0,14,3,0,13,20,14,24,22,19,0,6,4,13,0,0,6,0,12,0,3,0,0,2,14,0,0
6,0,0,0,0,3,0,11,6,2,3,0,7,0,3,3,0,0,4,9,13,9,0,0,0,0,0,0,14,14,0,2,14,0,2,0,6,2,1,0,6,11,16,0,0,0,1,13,0,4,11,0,6,0,1,12
4,0,0,0,1,0,0,14,10,0,0,0,0,3,0,8,14,0,0,0,5,0,13,1,12,5,0,6,8,0,0,7,0,13,0,5,15,3,9,0,2,15,15,0,0,0,2,0,0,0,0,14,0,0,0
0,4,12,5,0,12,11,0,0,0,13,10,0,1,1,3,0,0,10,14,0,0,4,0,9,0,0,9,0,14,10,13,13,0,0,0,0,0,0,15,0,0,0,1,7,0,10,0,10,9,0,0,0,0
0,0,0,0,9,12,0,10,1,3,9,0,0,0,7,0,11,0,0,0,0,7,0,0,0,13,2,0,3,0,0,0,0,0,0,14,0,0,0,0,10,6,0,0,0,14,0,0,14,6,2,2,0
0,7,0,11,10,1,12,0,0,1,7,0,0,0,0,0,14,4,4,12,5,12,0,9,0,0,0,11,12,0,7,0,0,0,0,0,0,9,0,0,0,1,4,0,0,10,13,0,0,4,12,0
0,0,6,0,4,13,1,0,3,0,9,7,0,0,0,0,0,1,4,3,0,8,0,11,0,0,7,0,0,0,14,0,0,0,0,3,0,4,0,0,0,9,0,9,14,12,0,10,0,8,0
2,8,0,0,0,0,0,11,0,0,9,0,9,0,0,4,0,12,0,0,6,10,6,12,10,0,0,11,11,0,0,14,7,0,5,0,3,0,7,0,0,0,5,0,0,0,0,7,2,4
8,0,0,0,2,0,14,0,0,0,13,10,0,0,0,0,2,0,0,0,0,0,14,12,12,10,6,14,0,0,0,0,2,0,4,0,0,11,0,4,0,11,13,0,0,0,2,14,13
5,0,0,0,3,14,12,0,0,7,0,4,0,0,8,0,0,5,13,3,0,4,0,0,2,0,0,0,0,1,13,0,0,4,12,4,2,9,0,0,0,0,0,4,11,0,12,0
14,12,3,10,0,13,12,5,0,0,0,4,0,8,0,5,0,10,1,0,14,0,0,3,0,0,0,13,8,2,0,0,8,0,0,0,0,7,0,0,11,0,0,0,3,0,0
0,14,0,12,6,0,14,0,0,0,0,0,5,4,2,0,0,9,0,2,0,0,12,4,10,0,0,0,10,0,14,0,7,0,2,13,0,0,11,0,0,0,0,14,3,0
5,1,12,2,0,10,9,0,0,8,0,13,1,2,0,11,0,0,0,0,10,6,14,0,0,13,13,0,0,0,11,0,0,0,0,0,1,0,0,0,0,0,0,2,0
0,0,0,4,0,6,11,0,0,10,0,2,0,2,1,2,0,0,0,0,6,0,0,14,10,2,2,2,0,5,0,0,0,0,14,2,0,3,0,0,0,0,11,0
0,0,0,0,10,13,11,0,0,0,0,7,1,3,13,9,0,9,0,0,7,10,11,4,0,0,0,0,4,0,3,0,0,8,0,13,0,0,0,0,0,0,0
5,0,10,9,0,11,0,10,0,7,8,0,1,0,0,6,0,2,0,0,14,0,0,11,9,0,4,0,0,14,0,12,0,12,12,0,0,0,3,6,3,10
7,0,4,4,2,13,9,0,7,0,0,14,0,0,0,5,0,8,0,0,0,6,0,12,0,9,0,0,9,0,10,0,0,0,10,2,0,0,2,7,0
10,1,6,0,0,12,0,10,0,2,9,0,0,0,0,0,5,0,9,1,0,1,9,9,13,0,0,12,0,9,0,0,0,13,0,0,0,0,12,10
0,0,0,0,4,0,5,0,0,0,0,0,0,0,4,6,0,0,0,5,13,6,0,0,0,0,5,0,4,6,8,0,9,0,11,0,4,0,7
11,1,12,7,9,2,8,5,14,4,0,0,12,0,0,3,0,4,0,0,0,0,0,0,0,8,0,13,10,0,0,7,0,0,0,5,0,10
4,0,1,0,7,0,0,0,7,10,0,0,10,0,14,6,14,4,0,5,11,5,0,7,9,10,0,0,4,0,7,1,0,0,6,0,0
0,11,0,0,12,0,0,0,0,10,4,0,3,0,2,0,5,0,0,0,12,0,3,14,0,0,0,11,0,9,6,0,10,0,0,9
0,1,3,0,0,0,10,0,0,13,1,0,11,13,0,0,0,5,0,0,0,0,5,6,10,0,0,0,4,0,1,12,10,0,0
2,10,13,0,0,0,8,0,0,0,8,0,0,0,0,0,2,0,0,0,8,13,0,0,1,13,11,0,7,0,8,0,0,0
12,4,10,1,0,0,0,0,0,0,0,0,2,0,9,9,0,0,7,2,14,10,0,0,0,0,0,12,2,9,0,0,2
0,8,12,0,0,0,0,13,0,8,12,0,10,14,0,0,3,4,1,7,0,0,0,0,8,0,0,8,4,0,14,0
14,10,0,0,0,10,7,10,0,4,0,0,0,0,8,1,0,10,12,12,0,7,0,0,12,0,0,9,0,7,0
0,0,0,0,6,0,0,0,6,0,7,0,11,11,6,0,5,3,1,4,9,5,7,0,0,0,12,10,5,0
0,0,0,0,12,2,6,10,0,11,0,14,13,14,0,13,5,0,0,11,0,0,9,0,2,0,1,0,0
11,12,1,2,0,0,0,0,0,14,0,8,2,0,0,0,0,0,0,0,14,10,5,12,0,0,0,11
0,7,10,0,0,11,0,0,0,8,0,0,0,0,0,0,6,0,0,1,13,3,0,4,0,14,0
0,0,0,0,3,0,0,0,3,0,10,2,0,0,0,4,13,10,0,1,0,0,2,10,0,0
8,7,5,14,7,12,4,9,1,0,0,7,0,3,8,0,1,0,9,12,0,0,12,14,0
0,0,0,0,0,0,14,0,0,2,0,0,7,2,4,0,0,14,2,0,0,6,1,8
8,0,2,7,14,0,0,0,5,0,0,6,8,0,8,8,11,12,8,14,0,0,10
12,0,0,14,12,0,4,0,10,9,0,0,2,0,0,0,4,0,0,0,10,0
8,5,9,0,0,0,10,4,0,0,0,0,0,13,8,1,14,8,10,10,0
0,0,13,10,13,0,0,0,0,0,2,0,0,0,14,3,3,0,13,14
5,10,8,6,0,8,9,3,0,0,0,0,0,12,0,0,0,0,0
0,3,14,0,14,1,0,1,0,0,0,0,4,0,7,14,0,8
0,2,6,1,10,6,0,0,0,0,8,10,0,9,0,11,9
6,0,0,2,0,0,0,0,1,11,0,0,8,0,0,0
3,12,0,0,0,6,8,0,0,7,0,9,0,0,12
0,0,9,0,0,0,0,8,4,1,0,0,0,7
0,0,1,7,0,0,0,0,0,0,0,0,7
0,0,0,0,0,0,1,0,12,6,0,4
0,5,0,0,12,6,0,4,0,0,3
0,5,0,0,0,0,11,0,0,0
0,0,0,0,2,0,0,12,4
5,7,4,0,9,0,2,7
9,0,8,11,14,0,0
0,3,0,0,13,4
0,7,0,12,0
0,8,12,2
3,0,4
0,0
8
