0 1
0 2
0 3
1 3
2 3
3 3
3 4
3 5
3 6
3 7
4 7
5 7
5 8
5 9
5 10
5 11
6 11
6 12
6 13
7 13
8 13
8 14
8 15
8 16
8 17
9 17
10 17
10 18
10 19
11 19
12 19
13 19
13 20
14 20
15 20
15 21
15 22
16 22
16 23
17 23
17 24
18 24
19 24
20 24
21 24
22 24
23 24
23 25
24 25
24 26
25 26
25 27
25 28
25 29
25 30
25 31
25 32
25 33
25 34
25 35
25 36
25 37
25 38
25 39
26 39
26 40
27 40
27 41
28 41
29 41
30 41
31 41
32 41
33 41
34 41
35 41
35 42
35 43
36 43
37 43
38 43
38 44
38 45
38 46
38 47
38 48
38 49
39 49
39 50
40 50
40 51
41 51
42 51
43 51
43 52
43 53
43 54
44 54
45 54
45 55
