0 1
0 2
0 3
0 4
1 4
2 4
2 5
3 5
3 6
4 6
4 7
4 8
5 8
5 9
5 10
5 11
6 11
6 12
6 13
7 13
7 14
8 14
8 15
9 15
9 16
10 16
11 16
11 17
11 18
11 19
11 20
11 21
12 21
13 21
14 21
15 21
15 22
16 22
16 23
17 23
18 23
19 23
20 23
21 23
22 23
22 24
23 24
23 25
24 25
24 26
24 27
25 27
26 27
27 27
27 28
27 29
28 29
28 30
28 31
29 31
30 31
31 31
32 31
33 31
33 32
33 33
33 34
33 35
33 36
34 36
34 37
35 37
35 38
35 39
36 39
37 39
37 40
38 40
38 41
38 42
38 43
38 44
39 44
39 45
39 46
39 47
40 47
40 48
41 48
41 49
42 49
43 49
44 49
44 50
44 51
45 51
45 52
46 52
46 53
46 54
