1 0
2 0
3 0
3 1
4 1
5 1
5 2
5 3
6 3
6 4
6 5
6 6
7 6
7 7
8 7
9 7
9 8
9 9
10 9
11 9
12 9
12 10
13 10
13 11
13 12
14 12
14 13
15 13
15 14
16 14
17 14
17 15
17 16
17 17
18 17
19 17
20 17
20 18
20 19
21 19
21 20
22 20
23 20
23 21
24 21
25 21
25 22
26 22
26 23
26 24
26 25
26 26
27 26
27 27
27 28
27 29
28 29
28 30
29 30
29 31
29 32
30 32
31 32
31 33
31 34
32 34
32 35
32 36
33 36
34 36
35 36
35 37
36 37
36 38
36 39
36 40
36 41
36 42
36 43
37 43
38 43
38 44
38 45
38 46
38 47
39 47
40 47
41 47
42 47
42 48
43 48
44 48
45 48
46 48
47 48
47 49
47 50
48 50
49 50
