1 0
2 0
3 0
4 0
5 0
6 0
7 0
8 0
8 1
9 1
10 1
11 1
12 1
13 1
14 1
15 1
16 1
17 1
17 2
17 3
18 3
19 3
19 4
19 5
20 5
20 6
21 6
22 6
23 6
24 6
25 6
26 6
27 6
28 6
28 7
29 7
30 7
31 7
32 7
33 7
34 7
35 7
36 7
36 8
36 9
37 9
38 9
39 9
40 9
41 9
42 9
42 10
42 11
42 12
42 13
42 14
42 15
42 16
42 17
42 18
42 19
42 20
42 21
42 22
42 23
42 24
43 24
43 25
43 26
43 27
43 28
43 29
43 30
43 31
43 32
43 33
43 34
43 35
43 36
43 37
43 38
43 39
43 40
43 41
43 42
43 43
43 44
43 45
43 46
43 47
43 48
44 48
44 49
44 50
45 50
46 50
46 51
47 51
47 52
48 52
