1 0
2 0
3 0
4 0
5 0
6 0
7 0
8 0
9 0
10 0
10 1
11 1
12 1
13 1
14 1
15 1
16 1
16 2
17 2
17 3
18 3
19 3
19 4
19 5
19 6
20 6
21 6
21 7
21 8
22 8
23 8
24 8
25 8
26 8
27 8
28 8
29 8
30 8
31 8
32 8
33 8
34 8
35 8
36 8
36 9
37 9
38 9
38 10
38 11
38 12
38 13
38 14
38 15
38 16
38 17
39 17
39 18
40 18
40 19
41 19
41 20
41 21
41 22
41 23
41 24
41 25
41 26
41 27
41 28
41 29
41 30
41 31
41 32
41 33
41 34
41 35
41 36
41 37
41 38
41 39
41 40
41 41
41 42
42 42
43 42
43 43
43 44
43 45
43 46
43 47
43 48
44 48
44 49
44 50
45 50
46 50
46 51
47 51
47 52
48 52
