1 0
2 0
3 0
4 0
5 0
6 0
7 0
7 1
8 1
9 1
10 1
11 1
12 1
13 1
14 1
15 1
16 1
17 1
18 1
19 1
20 1
20 2
20 3
20 4
20 5
21 5
22 5
23 5
24 5
25 5
26 5
27 5
27 6
27 7
28 7
29 7
30 7
31 7
32 7
33 7
34 7
35 7
36 7
36 8
37 8
38 8
38 9
39 9
40 9
41 9
42 9
42 10
42 11
42 12
42 13
42 14
42 15
42 16
42 17
42 18
42 19
43 19
43 20
44 20
45 20
45 21
45 22
46 22
46 23
46 24
46 25
46 26
46 27
46 28
46 29
46 30
46 31
46 32
46 33
46 34
46 35
46 36
46 37
46 38
46 39
46 40
46 41
46 42
46 43
46 44
46 45
46 46
46 47
46 48
46 49
46 50
46 51
47 51
47 52
48 52
