1 0
2 0
3 0
4 0
5 0
6 0
7 0
7 1
8 1
9 1
10 1
11 1
12 1
13 1
14 1
15 1
16 1
16 2
17 2
17 3
18 3
19 3
19 4
19 5
20 5
21 5
22 5
23 5
24 5
25 5
26 5
27 5
28 5
29 5
30 5
31 5
32 5
33 5
34 5
34 6
35 6
35 7
36 7
36 8
36 9
37 9
38 9
38 10
38 11
38 12
38 13
39 13
39 14
39 15
39 16
39 17
40 17
41 17
42 17
42 18
43 18
43 19
43 20
44 20
44 21
44 22
45 22
45 23
45 24
46 24
46 25
46 26
47 26
47 27
47 28
47 29
47 30
48 30
48 31
48 32
48 33
48 34
48 35
48 36
48 37
48 38
48 39
48 40
48 41
48 42
48 43
49 43
49 44
49 45
49 46
49 47
49 48
49 49
50 49
50 50
