0 1
1 1
1 2
1 3
1 4
1 5
1 6
1 7
1 8
1 9
1 10
1 11
2 11
3 11
4 11
5 11
6 11
6 12
6 13
7 13
7 14
8 14
8 15
8 16
9 16
10 16
10 17
10 18
10 19
10 20
11 20
12 20
13 20
14 20
14 21
15 21
16 21
16 22
17 22
17 23
17 24
17 25
17 26
17 27
17 28
17 29
17 30
17 31
17 32
17 33
17 34
17 35
17 36
17 37
17 38
18 38
18 39
19 39
20 39
21 39
21 40
22 40
23 40
24 40
25 40
26 40
27 40
28 40
29 40
30 40
31 40
32 40
33 40
34 40
35 40
35 41
35 42
35 43
36 43
37 43
38 43
38 44
38 45
38 46
38 47
38 48
38 49
39 49
40 49
41 49
42 49
43 49
44 49
44 50
44 51
44 52
45 52
46 52
46 53
46 54
