1 0
2 0
3 0
4 0
5 0
6 0
7 0
8 0
8 1
8 2
8 3
9 3
10 3
11 3
11 4
11 5
11 6
11 7
11 8
11 9
11 10
11 11
11 12
11 13
11 14
11 15
11 16
11 17
11 18
11 19
11 20
11 21
12 21
13 21
14 21
15 21
16 21
16 22
16 23
17 23
17 24
17 25
17 26
17 27
17 28
17 29
17 30
17 31
17 32
17 33
17 34
17 35
17 36
17 37
17 38
17 39
18 39
19 39
19 40
20 40
21 40
22 40
23 40
24 40
25 40
26 40
27 40
28 40
29 40
30 40
31 40
32 40
33 40
33 41
34 41
35 41
35 42
35 43
36 43
37 43
38 43
38 44
38 45
38 46
38 47
39 47
40 47
40 48
40 49
41 49
42 49
43 49
44 49
44 50
45 50
46 50
46 51
47 51
47 52
48 52
