1 0
2 0
3 0
4 0
5 0
6 0
7 0
8 0
9 0
10 0
11 0
12 0
13 0
14 0
15 0
15 1
16 1
17 1
17 2
18 2
19 2
19 3
20 3
20 4
20 5
20 6
21 6
21 7
22 7
23 7
24 7
25 7
26 7
27 7
28 7
29 7
30 7
31 7
32 7
33 7
34 7
35 7
36 7
36 8
37 8
38 8
39 8
40 8
40 9
41 9
42 9
42 10
42 11
42 12
42 13
42 14
42 15
42 16
42 17
42 18
42 19
42 20
42 21
42 22
42 23
42 24
42 25
42 26
42 27
42 28
42 29
42 30
42 31
42 32
42 33
42 34
42 35
42 36
42 37
42 38
42 39
42 40
42 41
42 42
43 42
43 43
43 44
43 45
43 46
43 47
43 48
44 48
44 49
44 50
45 50
46 50
46 51
47 51
47 52
48 52
