1 0
2 0
3 0
3 1
3 2
3 3
3 4
3 5
3 6
4 6
4 7
4 8
4 9
4 10
4 11
5 11
6 11
6 12
6 13
7 13
7 14
7 15
7 16
8 16
9 16
10 16
10 17
11 17
11 18
11 19
11 20
11 21
12 21
13 21
14 21
15 21
16 21
16 22
16 23
17 23
18 23
19 23
20 23
21 23
22 23
22 24
23 24
23 25
24 25
24 26
24 27
25 27
25 28
25 29
25 30
25 31
26 31
26 32
27 32
27 33
27 34
27 35
27 36
27 37
28 37
29 37
30 37
30 38
30 39
31 39
32 39
33 39
34 39
35 39
35 40
35 41
35 42
35 43
36 43
37 43
38 43
38 44
39 44
39 45
40 45
40 46
40 47
41 47
42 47
42 48
43 48
44 48
44 49
44 50
45 50
46 50
46 51
47 51
47 52
48 52
