1 0
2 0
3 0
4 0
5 0
6 0
7 0
8 0
9 0
10 0
11 0
11 1
12 1
13 1
14 1
15 1
16 1
17 1
18 1
19 1
19 2
19 3
20 3
21 3
22 3
22 4
23 4
24 4
24 5
25 5
26 5
27 5
28 5
29 5
30 5
31 5
32 5
33 5
34 5
35 5
35 6
35 7
36 7
37 7
37 8
38 8
39 8
39 9
40 9
41 9
42 9
42 10
42 11
42 12
42 13
42 14
42 15
42 16
42 17
42 18
42 19
43 19
43 20
43 21
43 22
43 23
43 24
43 25
43 26
43 27
43 28
43 29
43 30
43 31
43 32
43 33
43 34
43 35
43 36
43 37
43 38
43 39
43 40
43 41
43 42
43 43
43 44
43 45
43 46
43 47
43 48
44 48
44 49
44 50
45 50
46 50
46 51
47 51
47 52
48 52
