1 0
2 0
3 0
4 0
5 0
6 0
7 0
8 0
8 1
9 1
10 1
11 1
12 1
12 2
12 3
13 3
14 3
15 3
16 3
17 3
18 3
19 3
20 3
20 4
20 5
21 5
21 6
22 6
22 7
23 7
24 7
24 8
24 9
25 9
26 9
27 9
27 10
28 10
28 11
29 11
30 11
31 11
32 11
33 11
34 11
35 11
36 11
37 11
38 11
39 11
39 12
39 13
39 14
40 14
40 15
41 15
41 16
41 17
42 17
42 18
42 19
42 20
43 20
44 20
45 20
45 21
45 22
45 23
45 24
46 24
46 25
46 26
47 26
47 27
47 28
47 29
47 30
48 30
48 31
48 32
48 33
48 34
48 35
48 36
48 37
48 38
48 39
48 40
48 41
48 42
48 43
49 43
49 44
49 45
49 46
49 47
49 48
49 49
50 49
51 49
