1 0
1 1
1 2
1 3
1 4
1 5
2 5
3 5
3 6
4 6
4 7
4 8
4 9
5 9
6 9
6 10
6 11
7 11
8 11
9 11
9 12
9 13
9 14
9 15
9 16
10 16
11 16
11 17
12 17
13 17
13 18
13 19
13 20
14 20
15 20
15 21
16 21
16 22
16 23
17 23
17 24
18 24
19 24
19 25
19 26
19 27
19 28
19 29
19 30
19 31
20 31
20 32
21 32
21 33
21 34
22 34
23 34
24 34
25 34
25 35
25 36
25 37
26 37
27 37
27 38
27 39
27 40
27 41
28 41
29 41
29 42
29 43
30 43
30 44
30 45
31 45
32 45
33 45
33 46
34 46
34 47
35 47
36 47
37 47
38 47
38 48
38 49
38 50
38 51
38 52
39 52
40 52
40 53
40 54
41 54
42 54
43 54
44 54
45 54
