1 0
2 0
3 0
4 0
5 0
6 0
7 0
7 1
8 1
9 1
10 1
11 1
12 1
13 1
14 1
15 1
16 1
17 1
18 1
19 1
20 1
20 2
20 3
20 4
20 5
21 5
22 5
23 5
24 5
25 5
26 5
27 5
27 6
27 7
28 7
29 7
30 7
31 7
32 7
33 7
34 7
35 7
36 7
36 8
37 8
38 8
38 9
39 9
40 9
41 9
42 9
42 10
42 11
42 12
42 13
42 14
42 15
42 16
42 17
42 18
42 19
42 20
43 20
44 20
45 20
45 21
45 22
45 23
45 24
45 25
45 26
45 27
45 28
45 29
45 30
45 31
45 32
45 33
45 34
45 35
45 36
45 37
45 38
45 39
45 40
45 41
45 42
45 43
45 44
45 45
45 46
45 47
45 48
45 49
45 50
45 51
45 52
46 52
46 53
46 54
