1 0
1 1
1 2
1 3
2 3
3 3
3 4
3 5
3 6
3 7
3 8
3 9
3 10
4 10
4 11
5 11
6 11
6 12
6 13
7 13
7 14
7 15
8 15
9 15
9 16
10 16
10 17
10 18
10 19
11 19
11 20
12 20
13 20
14 20
15 20
16 20
16 21
16 22
16 23
16 24
16 25
16 26
17 26
18 26
19 26
20 26
21 26
21 27
21 28
21 29
21 30
21 31
21 32
21 33
21 34
21 35
21 36
21 37
21 38
21 39
21 40
22 40
23 40
24 40
24 41
25 41
25 42
26 42
27 42
28 42
29 42
30 42
31 42
32 42
33 42
34 42
35 42
35 43
36 43
37 43
38 43
38 44
38 45
38 46
38 47
38 48
39 48
40 48
40 49
41 49
42 49
43 49
44 49
44 50
44 51
44 52
45 52
46 52
46 53
46 54
