0 1
0 2
1 2
1 3
1 4
2 4
2 5
3 5
4 5
4 6
4 7
4 8
4 9
5 9
5 10
5 11
6 11
6 12
6 13
7 13
8 13
8 14
8 15
9 15
9 16
10 16
10 17
10 18
10 19
11 19
11 20
11 21
12 21
13 21
14 21
15 21
16 21
16 22
16 23
16 24
17 24
18 24
18 25
18 26
19 26
20 26
20 27
20 28
20 29
20 30
20 31
20 32
20 33
20 34
20 35
20 36
20 37
20 38
21 38
21 39
22 39
23 39
23 40
23 41
24 41
25 41
26 41
27 41
28 41
29 41
30 41
31 41
32 41
33 41
34 41
35 41
35 42
35 43
36 43
37 43
38 43
38 44
38 45
38 46
38 47
39 47
40 47
40 48
40 49
41 49
42 49
43 49
44 49
44 50
44 51
44 52
45 52
46 52
46 53
46 54
