1 0
2 0
3 0
4 0
4 1
5 1
6 1
7 1
8 1
9 1
10 1
11 1
12 1
13 1
13 2
13 3
13 4
13 5
13 6
13 7
13 8
13 9
13 10
14 10
15 10
15 11
16 11
16 12
16 13
16 14
16 15
16 16
16 17
16 18
16 19
16 20
16 21
16 22
16 23
17 23
17 24
17 25
17 26
17 27
17 28
17 29
17 30
17 31
17 32
17 33
17 34
17 35
17 36
17 37
17 38
17 39
18 39
19 39
19 40
20 40
21 40
22 40
23 40
24 40
25 40
26 40
27 40
28 40
29 40
30 40
31 40
32 40
33 40
33 41
34 41
35 41
35 42
35 43
36 43
37 43
38 43
38 44
38 45
38 46
38 47
39 47
40 47
40 48
40 49
41 49
42 49
43 49
44 49
44 50
45 50
46 50
46 51
47 51
47 52
48 52
