1 0
2 0
3 0
4 0
5 0
6 0
7 0
7 1
8 1
9 1
10 1
11 1
12 1
13 1
14 1
15 1
16 1
17 1
18 1
19 1
19 2
19 3
19 4
19 5
19 6
20 6
21 6
22 6
22 7
23 7
24 7
25 7
26 7
27 7
28 7
29 7
30 7
31 7
32 7
33 7
34 7
35 7
36 7
37 7
38 7
38 8
38 9
39 9
40 9
41 9
41 10
41 11
41 12
41 13
41 14
41 15
41 16
41 17
42 17
42 18
42 19
42 20
43 20
44 20
44 21
44 22
44 23
44 24
45 24
45 25
46 25
46 26
46 27
46 28
46 29
46 30
46 31
46 32
46 33
46 34
46 35
46 36
46 37
46 38
46 39
46 40
46 41
46 42
46 43
46 44
46 45
46 46
46 47
46 48
46 49
46 50
46 51
47 51
47 52
48 52
