1 0
2 0
3 0
4 0
5 0
6 0
7 0
8 0
9 0
10 0
11 0
12 0
13 0
14 0
14 1
15 1
16 1
16 2
17 2
17 3
18 3
19 3
19 4
19 5
19 6
20 6
21 6
22 6
22 7
23 7
24 7
25 7
26 7
27 7
28 7
29 7
30 7
31 7
32 7
33 7
34 7
35 7
36 7
37 7
38 7
39 7
39 8
40 8
40 9
40 10
40 11
40 12
40 13
40 14
40 15
40 16
40 17
40 18
40 19
40 20
40 21
40 22
40 23
40 24
40 25
41 25
41 26
41 27
41 28
41 29
41 30
41 31
41 32
41 33
41 34
41 35
41 36
41 37
41 38
41 39
41 40
41 41
41 42
42 42
43 42
43 43
43 44
43 45
43 46
43 47
43 48
44 48
44 49
44 50
45 50
46 50
46 51
47 51
47 52
48 52
