1 0
2 0
3 0
4 0
5 0
6 0
7 0
7 1
8 1
9 1
10 1
11 1
12 1
13 1
14 1
15 1
16 1
17 1
18 1
19 1
19 2
19 3
19 4
19 5
19 6
20 6
21 6
22 6
22 7
23 7
24 7
25 7
26 7
27 7
28 7
29 7
30 7
31 7
32 7
33 7
34 7
35 7
36 7
37 7
38 7
38 8
38 9
39 9
40 9
41 9
41 10
41 11
41 12
41 13
41 14
41 15
41 16
41 17
42 17
42 18
42 19
42 20
43 20
44 20
44 21
44 22
44 23
44 24
44 25
44 26
44 27
44 28
44 29
44 30
44 31
44 32
44 33
44 34
44 35
44 36
44 37
44 38
44 39
44 40
44 41
44 42
44 43
44 44
45 44
45 45
45 46
45 47
45 48
45 49
45 50
45 51
45 52
46 52
46 53
46 54
