1 0
2 0
3 0
4 0
4 1
5 1
6 1
7 1
8 1
9 1
9 2
10 2
11 2
12 2
13 2
13 3
14 3
15 3
15 4
16 4
16 5
16 6
17 6
17 7
18 7
18 8
19 8
19 9
19 10
19 11
20 11
21 11
21 12
21 13
22 13
22 14
22 15
22 16
23 16
23 17
24 17
25 17
26 17
27 17
27 18
27 19
27 20
28 20
29 20
30 20
31 20
32 20
33 20
34 20
35 20
36 20
37 20
37 21
37 22
38 22
39 22
39 23
40 23
40 24
40 25
41 25
41 26
41 27
41 28
42 28
43 28
44 28
45 28
45 29
46 29
47 29
48 29
48 30
48 31
48 32
48 33
48 34
48 35
48 36
48 37
48 38
49 38
50 38
50 39
50 40
50 41
51 41
52 41
52 42
53 42
54 42
55 42
56 42
57 42
58 42
