1 0
1 1
1 2
1 3
2 3
3 3
3 4
3 5
3 6
3 7
3 8
3 9
3 10
3 11
4 11
5 11
5 12
5 13
6 13
7 13
8 13
8 14
8 15
9 15
9 16
10 16
10 17
10 18
10 19
10 20
11 20
11 21
12 21
13 21
14 21
14 22
15 22
16 22
16 23
17 23
17 24
18 24
19 24
20 24
21 24
22 24
23 24
24 24
25 24
26 24
26 25
26 26
27 26
27 27
27 28
27 29
27 30
27 31
27 32
27 33
27 34
27 35
27 36
27 37
27 38
28 38
29 38
30 38
30 39
31 39
32 39
33 39
34 39
35 39
35 40
35 41
35 42
36 42
37 42
38 42
38 43
38 44
38 45
38 46
38 47
38 48
38 49
39 49
40 49
41 49
42 49
43 49
44 49
44 50
44 51
44 52
45 52
46 52
46 53
46 54
