1 0
2 0
3 0
4 0
5 0
6 0
7 0
7 1
8 1
9 1
10 1
11 1
12 1
13 1
14 1
15 1
16 1
16 2
17 2
18 2
18 3
19 3
19 4
19 5
20 5
21 5
21 6
22 6
22 7
23 7
24 7
25 7
26 7
27 7
28 7
29 7
30 7
31 7
32 7
33 7
34 7
35 7
36 7
37 7
38 7
39 7
39 8
39 9
40 9
41 9
42 9
42 10
42 11
42 12
42 13
42 14
42 15
42 16
42 17
42 18
42 19
42 20
42 21
42 22
42 23
42 24
42 25
42 26
42 27
42 28
42 29
42 30
42 31
42 32
42 33
42 34
42 35
42 36
42 37
42 38
42 39
42 40
42 41
42 42
42 43
42 44
43 44
43 45
43 46
43 47
43 48
44 48
44 49
44 50
44 51
44 52
45 52
46 52
46 53
46 54
