1 0
2 0
3 0
4 0
5 0
6 0
7 0
8 0
9 0
9 1
10 1
11 1
12 1
13 1
14 1
15 1
16 1
17 1
18 1
18 2
18 3
19 3
19 4
19 5
20 5
20 6
21 6
22 6
23 6
24 6
25 6
26 6
27 6
28 6
29 6
30 6
31 6
32 6
33 6
34 6
35 6
35 7
36 7
36 8
37 8
37 9
38 9
38 10
38 11
38 12
38 13
39 13
39 14
39 15
40 15
41 15
42 15
42 16
42 17
42 18
42 19
42 20
43 20
44 20
45 20
45 21
45 22
45 23
45 24
46 24
46 25
46 26
47 26
47 27
47 28
47 29
48 29
48 30
48 31
48 32
48 33
48 34
48 35
48 36
48 37
48 38
48 39
48 40
48 41
48 42
48 43
49 43
49 44
49 45
49 46
49 47
49 48
49 49
50 49
51 49
