0 1
0 2
1 2
1 3
2 3
3 3
4 3
5 3
6 3
6 4
7 4
8 4
8 5
8 6
9 6
10 6
11 6
12 6
13 6
14 6
15 6
16 6
17 6
17 7
17 8
18 8
18 9
18 10
19 10
19 11
20 11
21 11
22 11
23 11
24 11
25 11
26 11
27 11
28 11
29 11
30 11
31 11
32 11
32 12
33 12
33 13
34 13
35 13
36 13
37 13
38 13
39 13
39 14
39 15
39 16
39 17
40 17
41 17
42 17
42 18
42 19
42 20
43 20
44 20
45 20
45 21
45 22
45 23
45 24
46 24
46 25
46 26
47 26
47 27
47 28
47 29
48 29
48 30
48 31
48 32
48 33
48 34
48 35
48 36
48 37
48 38
48 39
48 40
48 41
48 42
48 43
48 44
48 45
48 46
48 47
48 48
48 49
48 50
48 51
48 52
