0 1
0 2
1 2
2 2
3 2
3 3
4 3
5 3
6 3
7 3
8 3
8 4
9 4
10 4
11 4
12 4
13 4
14 4
14 5
14 6
15 6
16 6
17 6
17 7
17 8
17 9
17 10
17 11
17 12
17 13
17 14
17 15
17 16
17 17
17 18
17 19
17 20
17 21
17 22
17 23
17 24
17 25
17 26
17 27
17 28
17 29
17 30
17 31
17 32
17 33
17 34
17 35
17 36
17 37
17 38
17 39
18 39
19 39
19 40
20 40
21 40
22 40
23 40
24 40
25 40
26 40
27 40
28 40
29 40
30 40
31 40
32 40
33 40
33 41
34 41
35 41
35 42
35 43
36 43
37 43
38 43
38 44
38 45
38 46
38 47
38 48
38 49
39 49
40 49
41 49
42 49
43 49
44 49
44 50
44 51
44 52
45 52
46 52
46 53
46 54
