1 0
1 1
1 2
1 3
2 3
3 3
3 4
3 5
3 6
3 7
4 7
4 8
4 9
5 9
5 10
5 11
6 11
6 12
6 13
7 13
7 14
8 14
8 15
9 15
9 16
10 16
10 17
10 18
10 19
11 19
11 20
11 21
12 21
13 21
14 21
15 21
15 22
16 22
16 23
16 24
17 24
18 24
18 25
18 26
18 27
18 28
18 29
18 30
19 30
20 30
21 30
22 30
23 30
24 30
25 30
25 31
25 32
26 32
27 32
27 33
27 34
27 35
27 36
27 37
27 38
27 39
27 40
27 41
28 41
28 42
28 43
29 43
30 43
31 43
32 43
33 43
34 43
35 43
36 43
37 43
38 43
38 44
38 45
38 46
38 47
38 48
38 49
38 50
38 51
39 51
40 51
40 52
41 52
42 52
43 52
43 53
43 54
44 54
45 54
45 55
