0 1
0 2
1 2
1 3
2 3
2 4
2 5
2 6
3 6
3 7
3 8
3 9
4 9
4 10
5 10
5 11
6 11
6 12
6 13
6 14
6 15
6 16
6 17
7 17
7 18
8 18
8 19
9 19
10 19
10 20
10 21
10 22
11 22
12 22
13 22
14 22
15 22
15 23
16 23
16 24
16 25
16 26
16 27
16 28
16 29
16 30
16 31
17 31
17 32
17 33
17 34
17 35
18 35
19 35
19 36
20 36
20 37
21 37
21 38
21 39
22 39
22 40
22 41
22 42
22 43
22 44
22 45
22 46
22 47
22 48
23 48
23 49
23 50
23 51
23 52
23 53
23 54
24 54
25 54
25 55
25 56
25 57
26 57
26 58
26 59
26 60
26 61
26 62
26 63
26 64
26 65
26 66
27 66
28 66
28 67
28 68
28 69
29 69
30 69
