1 0
1 1
2 1
3 1
4 1
5 1
6 1
7 1
8 1
8 2
8 3
8 4
8 5
8 6
8 7
8 8
8 9
8 10
8 11
8 12
8 13
8 14
8 15
8 16
9 16
10 16
10 17
10 18
10 19
10 20
11 20
11 21
12 21
13 21
14 21
15 21
16 21
16 22
16 23
17 23
17 24
17 25
17 26
17 27
17 28
17 29
17 30
17 31
17 32
17 33
17 34
17 35
17 36
17 37
17 38
17 39
18 39
19 39
19 40
20 40
21 40
22 40
23 40
24 40
25 40
26 40
27 40
28 40
29 40
30 40
31 40
32 40
33 40
33 41
34 41
35 41
35 42
35 43
36 43
37 43
38 43
38 44
38 45
38 46
38 47
38 48
38 49
39 49
40 49
41 49
42 49
43 49
44 49
44 50
44 51
44 52
45 52
46 52
46 53
46 54
