0 1
1 1
1 2
1 3
1 4
1 5
2 5
3 5
3 6
4 6
4 7
4 8
4 9
5 9
5 10
5 11
5 12
5 13
6 13
7 13
7 14
8 14
8 15
9 15
9 16
10 16
10 17
10 18
10 19
10 20
11 20
11 21
12 21
13 21
14 21
15 21
16 21
16 22
16 23
17 23
17 24
17 25
17 26
17 27
17 28
17 29
17 30
17 31
17 32
17 33
17 34
17 35
17 36
17 37
17 38
17 39
18 39
19 39
19 40
20 40
21 40
22 40
23 40
24 40
25 40
26 40
27 40
28 40
29 40
30 40
31 40
32 40
33 40
33 41
34 41
35 41
35 42
35 43
36 43
37 43
38 43
38 44
38 45
38 46
38 47
39 47
40 47
40 48
40 49
41 49
42 49
43 49
44 49
44 50
45 50
46 50
46 51
47 51
47 52
48 52
