0,6,0,0,0,0,0,0,26,26,0,0,0,0,0,0,0,0,9,0,27,0,25,19,0,12,0,0,0,0,3,11,0,0,21,0,29,5,0,0,0,11,0,11,31,26,0,0,0,15,1,0,0,0,0,29,0,0,0,1,5,9,0,5,0,0,0,37,0,35,5,34,99,100,98,87,61,63,14,29,34,0,7,0,20,31,0,17,33,0,0,0,24,31,14,12,17,0,1,0
16,0,13,0,27,0,2,0,0,17,0,2,0,2,31,0,0,0,1,20,0,0,28,0,17,29,0,22,28,0,28,27,3,10,7,0,0,21,30,0,0,20,0,18,0,27,0,0,25,31,0,0,14,7,0,13,0,29,0,16,0,10,23,29,10,12,0,33,0,35,54,24,63,92,65,100,50,72,55,48,47,20,21,31,0,20,28,0,38,0,36,15,32,34,59,35,52,43,9
0,12,0,0,0,0,8,0,0,14,0,3,22,0,0,20,0,0,0,1,18,0,0,32,0,4,0,20,0,0,30,0,0,0,18,0,27,2,22,20,0,3,0,0,0,27,0,0,0,0,3,0,0,13,0,4,0,0,0,0,27,28,8,17,0,0,0,2,0,41,38,32,92,55,89,100,89,75,51,0,0,3,25,0,0,0,2,0,27,47,56,31,54,29,49,55,49,7
0,0,22,2,25,0,31,3,8,11,0,27,12,3,23,0,20,0,27,16,28,0,7,0,0,0,0,4,19,0,0,12,0,27,0,2,10,1,0,0,1,0,0,12,0,26,17,13,11,10,26,0,0,31,0,0,10,17,0,0,0,0,17,0,0,31,3,3,26,39,15,22,77,37,74,48,56,31,15,26,6,0,6,0,4,1,0,0,0,54,66,60,88,47,53,77,71
0,0,12,0,0,4,30,0,29,0,0,0,0,0,27,2,0,9,0,2,0,12,12,0,0,0,30,0,26,0,27,9,0,17,9,19,13,0,0,0,0,3,22,0,0,0,26,24,23,25,0,3,20,0,0,0,0,0,7,29,29,0,25,14,0,0,24,22,0,0,19,43,28,53,25,33,14,10,12,0,34,0,0,0,0,33,0,7,27,42,38,97,76,86,86,73
19,28,19,16,4,15,30,22,19,0,0,2,28,0,24,0,0,0,20,0,0,6,0,26,0,6,27,9,0,0,22,5,0,30,0,0,26,0,14,26,16,22,12,0,0,0,0,16,2,0,0,5,3,0,0,0,22,0,0,0,0,0,29,18,8,0,9,0,25,29,17,11,20,0,41,32,18,0,17,0,5,10,15,30,23,0,0,35,43,11,62,100,84,71,64
29,9,0,0,0,0,13,17,0,18,0,0,12,5,0,0,0,0,0,0,28,0,15,21,0,30,19,19,0,32,0,0,27,0,0,10,0,0,31,14,0,0,21,2,0,0,0,1,12,20,0,2,22,27,7,0,0,0,0,17,0,27,10,17,10,0,0,0,11,34,26,32,0,42,30,0,4,15,18,11,33,0,12,0,18,15,33,29,31,53,35,89,100,82
0,6,0,29,19,0,0,17,29,28,0,11,8,0,0,0,7,0,0,0,24,28,0,0,0,0,7,5,2,15,0,28,0,0,26,25,0,0,0,12,23,0,0,23,0,13,22,0,28,9,0,0,0,21,12,1,0,0,10,0,0,18,0,23,35,6,0,29,0,0,4,0,21,0,38,13,0,22,16,0,30,31,0,0,0,29,1,27,49,12,24,64,96
16,10,1,0,29,5,0,10,29,10,20,8,3,14,24,12,0,0,2,17,3,0,0,0,11,20,10,0,15,24,32,20,0,31,0,0,0,21,0,0,0,29,15,0,0,1,0,0,0,0,3,0,6,0,0,0,23,0,11,0,40,0,42,13,5,0,2,0,31,0,24,29,32,15,1,0,0,0,0,0,0,0,0,0,0,0,0,0,0,23,16,81
14,0,0,0,0,5,0,0,0,0,0,22,0,26,0,19,2,4,0,32,26,20,15,27,0,1,0,0,14,0,7,3,13,0,0,0,0,15,0,0,0,0,0,19,0,0,0,0,0,1,0,0,0,6,0,3,0,0,6,0,14,53,51,48,20,0,40,0,31,23,0,6,6,13,29,7,29,21,0,0,0,6,14,18,0,17,10,30,24,19,55
4,0,9,0,13,21,0,0,7,0,0,23,0,0,0,8,0,18,0,19,0,0,25,0,27,12,0,0,0,0,0,0,0,0,29,2,25,9,0,0,0,18,0,0,0,32,23,20,15,11,0,29,18,4,1,0,0,0,4,47,62,54,33,40,7,42,11,0,0,0,18,0,29,0,25,0,1,0,27,0,0,0,0,18,12,0,21,33,39,29
5,28,25,7,17,31,0,20,0,13,21,27,0,22,0,0,0,15,19,0,32,0,0,0,8,0,0,0,20,0,0,0,0,0,25,0,0,12,0,25,16,21,0,26,5,19,22,0,0,12,0,1,17,22,26,0,0,14,27,47,22,30,56,46,54,69,5,43,0,0,0,20,0,0,0,0,25,0,20,0,0,3,0,17,22,31,26,0,0
18,15,0,19,1,6,0,5,8,0,0,19,18,21,0,0,26,28,0,2,8,0,32,0,0,0,2,28,0,2,30,0,9,0,17,22,0,3,0,0,0,0,0,19,0,0,6,0,19,0,18,31,29,0,0,0,1,15,51,26,89,86,100,72,93,72,75,47,26,30,0,1,0,4,0,0,0,24,0,0,1,9,0,0,0,0,13,23
16,0,28,0,0,23,17,16,8,21,0,0,0,0,7,20,14,0,31,20,0,26,19,17,0,6,0,16,29,0,0,0,9,0,0,0,21,0,0,0,0,7,0,13,0,0,0,30,2,25,0,0,24,7,0,10,40,48,18,35,98,100,100,100,94,100,81,43,0,16,0,4,10,24,0,0,0,0,0,9,19,13,28,2,19,2,0
0,0,17,23,17,0,2,0,0,12,19,16,0,18,0,0,25,23,5,0,0,26,0,0,0,0,0,0,20,1,0,2,14,0,12,28,16,14,27,3,17,31,16,24,34,34,4,14,0,0,5,7,4,0,27,0,31,59,38,52,89,75,100,100,100,100,100,83,42,39,8,6,0,10,0,0,0,0,0,7,0,19,16,19,0,0
49,21,0,47,0,17,9,0,3,0,0,0,20,0,0,0,0,1,18,0,17,0,0,26,0,0,0,0,23,12,0,0,4,0,0,27,0,2,9,21,21,0,3,0,0,0,39,3,18,0,35,29,36,20,19,28,41,15,32,45,100,97,91,100,100,100,100,73,42,8,13,6,0,0,0,0,31,18,0,29,0,0,30,0,0
16,31,56,52,34,38,0,0,7,18,10,0,0,0,31,0,0,25,13,0,0,20,0,9,8,22,0,31,13,0,11,19,25,0,5,0,5,15,16,30,0,30,32,9,1,37,47,24,14,33,9,20,0,36,0,43,0,18,54,75,100,94,100,85,100,100,76,89,68,36,0,0,7,6,0,0,0,16,0,0,0,7,0,0
39,71,43,60,36,26,24,14,27,0,1,9,0,6,0,0,0,12,3,0,0,0,0,9,0,26,14,28,20,17,0,26,31,0,0,0,27,8,20,21,25,7,22,0,27,5,18,41,66,60,44,5,54,9,11,12,8,26,43,89,100,100,100,100,89,75,71,96,25,24,21,38,12,0,0,0,22,0,0,24,25,24,0
55,76,89,33,41,24,0,0,32,27,27,0,31,22,0,0,23,0,27,0,8,0,1,23,0,0,0,7,24,3,24,0,0,31,19,0,9,28,3,19,18,37,35,31,67,25,40,66,36,42,72,19,15,44,75,46,57,47,65,64,78,100,100,100,73,93,100,100,29,58,15,4,20,0,0,0,28,23,28,22,0,0
93,87,68,33,31,30,34,0,0,2,0,0,0,1,15,0,14,0,1,27,0,13,32,12,0,10,17,26,0,25,0,11,0,0,0,15,13,0,5,38,45,19,3,52,50,84,72,69,91,100,35,89,66,38,79,69,93,63,52,66,83,100,79,100,83,100,100,68,10,6,20,35,23,30,9,23,0,0,32,0,0
100,90,81,86,53,26,3,0,8,1,31,18,11,0,8,0,0,15,0,8,0,11,27,29,0,0,1,0,5,2,18,8,0,0,16,0,0,15,0,13,48,35,22,27,56,72,83,76,77,89,100,55,82,100,100,100,98,94,52,48,46,75,71,100,77,100,52,49,23,29,7,0,15,0,7,20,0,21,0,6
80,68,68,51,20,40,0,14,0,0,0,6,18,18,4,0,4,0,23,0,0,0,0,0,0,0,21,5,0,16,26,0,2,16,0,23,0,26,27,46,62,46,53,74,100,100,100,100,100,94,87,62,100,100,87,100,100,100,76,80,29,88,39,89,59,90,26,68,13,30,0,34,9,0,6,28,0,0,2
78,49,60,35,30,6,24,24,12,0,25,10,0,27,1,0,0,0,25,12,8,0,0,4,6,0,0,1,9,2,26,8,0,0,32,0,36,45,27,35,63,80,85,100,64,92,98,95,100,59,100,93,100,100,90,91,90,100,62,32,77,41,67,87,77,80,43,58,50,11,0,22,21,18,22,20,28,4
79,82,46,18,25,44,0,0,0,0,0,0,0,9,0,0,10,0,0,0,0,0,7,29,26,0,5,0,0,30,3,0,24,10,28,9,37,63,36,63,74,61,74,100,100,100,100,92,67,85,46,75,51,78,79,62,72,98,78,25,61,57,45,77,47,37,43,51,43,0,20,25,0,27,17,0,15
33,20,15,24,46,15,25,0,3,5,0,5,19,14,29,0,12,0,0,0,0,5,27,0,25,0,2,27,10,0,25,28,24,13,30,0,4,62,89,66,77,100,100,100,100,93,66,86,65,86,71,43,86,52,62,58,94,35,74,86,38,44,73,73,36,43,21,15,11,16,33,32,0,0,0,23
41,44,7,39,18,34,0,28,7,0,0,0,0,0,0,27,17,23,20,16,7,0,27,0,0,0,19,0,16,11,0,22,0,0,3,43,0,68,33,100,73,100,91,99,86,47,69,84,32,46,52,20,31,21,83,38,24,27,76,27,64,91,56,66,83,45,57,20,4,15,0,1,26,1,0
43,34,9,6,12,23,5,4,2,0,32,20,0,28,4,0,9,0,9,0,0,24,0,25,0,0,0,29,19,27,4,0,0,29,0,43,17,70,57,100,63,100,100,78,41,58,60,28,13,12,45,31,43,34,52,25,6,55,28,26,68,100,87,100,55,80,38,12,0,14,0,0,0,2
19,0,31,0,39,5,3,4,8,0,39,22,32,0,10,0,0,0,22,28,29,9,15,0,0,0,21,27,27,0,19,29,0,34,33,0,11,11,64,48,54,63,79,98,70,23,10,12,0,20,39,0,0,23,6,17,43,0,12,33,40,80,100,100,81,95,24,3,21,0,7,23,0
0,0,0,7,11,0,40,11,41,25,31,14,0,23,28,0,0,14,0,33,0,10,0,26,0,0,20,22,0,9,9,4,0,0,0,0,13,18,43,84,56,68,70,79,32,41,12,0,26,22,27,0,0,37,40,13,25,31,52,24,85,100,100,86,79,48,81,5,44,25,23,9
0,9,26,0,0,46,67,54,78,69,29,68,66,2,0,43,2,41,11,0,0,17,0,26,0,0,23,0,28,32,22,25,0,0,32,0,26,0,60,23,44,13,48,29,51,22,7,0,0,0,22,0,22,0,5,33,0,17,40,70,71,88,67,87,90,34,33,26,5,0,30
0,0,17,0,53,34,45,34,96,49,100,47,36,47,62,58,10,0,36,26,8,31,0,20,0,26,29,0,21,16,0,0,7,0,15,7,0,0,18,7,52,27,19,50,9,0,21,0,0,0,26,14,0,0,1,0,0,0,43,60,72,53,50,33,49,53,51,10,0,35
0,0,0,0,52,55,38,93,98,85,72,68,41,85,76,27,13,34,41,0,3,29,26,19,11,0,11,16,17,0,0,0,3,0,0,3,27,0,0,0,16,27,0,26,33,1,32,1,0,18,19,0,20,0,0,0,18,0,0,11,22,48,26,59,45,43,0,2,0
12,0,32,4,11,61,92,100,99,100,96,85,65,80,100,49,85,64,60,51,12,0,35,0,0,25,27,6,6,0,24,20,0,14,22,0,28,20,0,5,45,35,8,6,0,0,3,0,4,14,32,0,0,2,0,0,28,15,17,0,0,1,26,33,20,28,0,15
29,13,32,17,57,45,53,99,95,91,100,98,67,77,100,58,100,56,59,29,41,21,0,0,0,19,0,10,0,0,5,0,0,0,0,21,0,14,0,0,0,4,0,32,31,0,22,0,4,0,29,25,0,20,0,0,0,4,0,17,0,13,40,0,20,0,0
0,11,0,0,23,54,29,94,100,93,88,100,100,96,100,89,79,80,81,57,0,0,16,0,0,6,0,32,0,0,24,0,0,0,28,5,46,21,1,29,0,12,19,5,22,9,7,27,25,0,0,0,0,0,13,0,0,0,11,0,0,0,0,0,34,12
0,0,0,39,0,19,12,50,77,47,65,96,66,90,81,73,100,78,58,56,61,48,5,0,27,0,0,0,5,7,20,0,0,8,34,25,53,23,22,46,63,14,0,0,15,0,0,30,23,24,27,0,33,0,0,33,3,0,22,0,0,0,0,34,0
14,11,14,10,7,0,34,62,47,38,44,97,100,73,96,100,66,100,55,51,31,0,42,21,3,0,15,25,0,0,15,0,17,0,15,54,70,78,81,85,60,14,54,16,0,0,0,9,0,46,52,15,22,17,36,11,5,8,0,21,8,24,28,0
4,0,12,21,28,44,42,27,49,26,67,54,50,91,100,100,61,44,32,59,20,16,40,0,30,27,22,25,15,5,0,25,33,32,15,31,63,100,82,51,52,46,63,26,5,18,0,7,19,16,4,51,41,0,37,0,1,0,0,0,0,0,0
0,8,19,0,9,0,19,0,28,32,36,43,30,41,79,74,85,50,66,20,61,17,20,29,27,21,16,0,0,25,22,0,0,6,5,26,85,82,100,73,52,42,47,20,48,31,51,63,16,35,55,29,42,12,26,3,18,0,0,23,0,8
0,6,0,0,0,0,0,0,17,0,45,49,24,3,16,59,28,78,54,26,38,17,0,29,1,16,26,0,0,0,0,5,10,47,31,37,100,100,99,100,88,83,66,68,9,30,22,78,74,98,84,63,33,44,24,0,12,8,18,0,0
0,18,0,12,20,13,24,28,4,28,0,4,36,6,58,11,48,35,51,88,76,83,27,1,27,36,6,0,0,5,17,0,3,17,45,18,83,100,81,100,87,68,24,13,61,4,70,44,100,76,100,59,94,37,58,4,14,7,22,0
13,0,30,0,20,0,0,0,6,33,3,17,39,2,0,55,34,47,64,47,100,93,52,44,23,28,0,5,0,0,0,28,0,31,37,66,46,94,51,81,71,76,35,29,12,15,45,86,99,69,100,94,45,28,36,0,0,31,3
21,27,0,21,28,29,0,16,0,34,5,3,34,28,0,54,29,93,68,63,82,59,62,21,49,50,37,0,10,0,0,14,0,0,0,29,60,25,63,51,52,13,59,6,39,52,64,47,100,87,84,72,87,24,48,42,0,0
11,7,0,16,0,18,19,29,11,20,0,29,0,23,24,47,18,47,89,100,90,64,64,53,67,34,41,0,0,0,21,0,0,0,9,7,7,52,27,43,41,50,13,0,7,16,39,54,43,83,66,100,76,70,48,35,3
21,0,31,14,7,0,14,38,3,7,5,25,35,44,54,4,70,35,93,100,84,63,45,56,62,23,0,8,0,9,0,0,0,0,19,18,13,0,29,4,33,32,0,0,7,0,33,70,50,63,45,38,42,7,3,17
0,0,0,0,9,20,16,0,49,30,60,42,45,6,0,49,67,43,51,59,89,100,48,41,57,0,0,0,30,0,28,0,0,0,32,22,8,15,16,13,29,0,15,0,0,16,41,3,58,29,24,49,25,49,31
18,0,3,0,0,0,7,30,9,49,28,70,20,62,36,43,49,75,86,97,39,55,27,46,51,0,35,0,0,16,0,0,2,13,3,15,11,0,23,0,0,14,8,20,26,0,2,36,30,56,0,14,29,10
0,0,3,29,26,31,48,36,44,79,65,53,43,61,52,67,56,60,11,32,77,55,34,28,0,11,5,0,0,0,30,11,0,0,14,0,20,4,0,14,15,32,11,24,0,0,37,0,40,0,4,34,2
0,0,33,17,21,33,54,71,70,84,86,61,80,70,81,25,40,46,9,36,58,27,30,44,14,16,14,21,4,0,4,3,0,22,0,8,23,19,0,0,12,0,29,0,0,15,2,0,0,0,31,14
18,0,0,13,12,42,49,46,61,100,76,100,72,80,67,39,48,3,21,47,28,17,5,26,0,0,25,8,0,0,2,9,25,18,5,0,20,0,0,21,0,0,0,19,0,29,2,27,0,35,32
18,0,15,7,0,39,24,54,68,66,94,98,93,91,68,46,19,28,19,10,30,36,9,5,35,12,0,0,2,0,0,19,16,25,0,0,0,12,0,20,5,0,33,0,0,13,0,24,21,4
13,0,21,33,0,32,51,24,37,98,54,67,48,50,77,12,46,36,0,33,8,20,34,2,14,19,21,10,0,19,31,0,0,0,0,0,7,7,0,34,12,15,45,47,6,31,21,6,9
0,0,0,2,28,17,35,34,36,48,87,61,66,22,66,17,18,2,28,24,0,0,4,0,29,0,15,12,0,0,16,21,0,11,0,0,29,4,0,33,29,22,59,29,55,18,48,27
31,11,0,0,30,0,14,43,13,71,51,22,71,30,5,4,39,8,18,5,22,0,0,0,4,29,12,0,0,0,0,0,17,0,0,17,0,28,0,22,27,52,66,83,79,76,46
27,3,0,7,0,16,5,0,5,38,60,18,35,35,0,8,24,22,22,3,0,0,31,22,0,0,0,14,0,0,24,0,0,12,31,27,0,24,57,8,36,96,100,59,70,38
21,19,0,0,24,0,0,16,39,0,1,0,0,26,9,0,0,9,20,9,0,5,0,0,9,0,29,5,0,7,0,0,0,0,7,13,0,16,18,58,89,65,100,100,59
10,17,31,0,8,0,0,9,0,9,39,22,15,0,25,9,6,0,0,23,4,0,20,29,19,0,0,0,21,3,0,31,0,0,15,31,20,7,3,55,87,99,96,86
0,27,9,0,14,16,15,0,0,13,0,0,0,0,7,0,13,0,0,9,9,16,13,5,15,11,0,32,0,0,30,0,0,8,17,30,0,35,29,16,64,73,80
31,20,0,10,0,29,22,0,17,0,0,0,27,24,0,24,13,0,0,24,24,16,0,0,0,20,14,5,29,19,26,32,0,0,0,10,0,36,22,53,70,66
15,17,0,0,24,23,0,6,0,7,17,12,9,0,0,7,0,0,29,15,0,0,0,0,25,20,16,9,38,15,34,0,28,36,33,0,0,29,0,21,57
0,0,0,0,10,19,0,25,21,0,4,3,0,13,0,0,0,17,26,0,0,0,21,0,0,42,19,55,31,43,28,0,0,0,22,22,7,28,33,0
14,0,22,0,0,0,0,25,0,0,0,0,0,27,0,31,11,22,8,0,31,0,0,32,46,42,31,11,23,32,56,48,19,6,1,15,0,22,8
6,0,0,0,0,0,4,11,0,0,0,15,26,18,0,36,0,0,33,22,31,44,44,3,10,60,53,51,87,86,70,22,11,48,22,35,19,0
21,0,0,26,25,27,0,29,14,0,0,0,34,42,2,34,13,5,7,32,2,25,53,22,62,85,76,75,92,69,84,63,14,18,13,0,5
25,24,0,31,19,23,0,15,16,2,0,0,10,3,21,67,61,76,45,33,60,39,40,40,97,88,100,100,100,100,100,60,64,18,11,12
25,0,0,0,27,26,0,3,17,0,0,23,46,5,72,34,93,100,75,85,66,30,61,70,95,88,100,100,91,81,77,85,68,53,46
0,0,0,0,16,14,0,0,10,0,0,15,30,16,59,100,65,95,100,100,67,75,75,78,87,100,97,94,82,85,99,95,70,26
0,0,0,9,0,0,0,27,31,33,11,0,22,59,52,100,100,100,100,93,61,56,56,73,100,100,100,100,100,81,93,91,47
0,0,0,16,0,21,0,7,0,0,17,0,18,54,92,64,79,85,71,100,100,93,100,81,98,100,77,100,100,95,82,57
0,3,0,0,0,35,20,0,34,0,27,0,13,21,82,100,97,100,70,86,100,82,65,88,100,100,100,100,100,100,83
17,16,0,0,0,0,9,15,44,31,24,1,17,45,78,100,100,100,100,100,96,100,100,100,87,100,100,77,83,85
26,0,0,20,15,11,10,47,56,25,26,46,37,46,67,95,95,85,83,100,92,100,100,54,74,85,100,100,30
25,0,0,2,0,36,41,51,55,17,71,57,55,37,43,83,100,69,100,100,100,76,67,71,82,69,28,69
9,0,0,37,61,26,67,52,80,80,36,53,78,63,55,74,67,100,100,100,100,60,83,38,63,38,15
23,8,14,35,61,77,91,93,84,83,100,100,46,94,91,73,100,81,100,89,79,100,88,72,35,0
12,0,15,57,78,100,100,100,100,71,95,77,100,100,100,58,66,100,75,100,53,48,74,36,0
0,22,0,12,93,91,71,100,100,100,100,99,100,100,54,92,48,90,49,65,36,42,51,3
0,9,24,54,48,73,100,100,94,78,100,95,100,86,59,62,29,34,67,57,22,3,42
6,0,0,45,44,79,100,87,100,83,100,100,73,100,68,73,36,65,42,31,0,48
0,25,2,46,53,57,54,100,100,100,100,100,100,100,83,71,21,3,0,0,0
9,10,0,17,20,18,46,95,100,80,97,99,100,58,74,56,0,10,28,21
29,0,7,2,41,60,53,28,35,62,66,70,89,71,45,2,9,14,20
7,2,3,0,0,24,14,65,59,70,66,85,22,24,33,6,17,0
0,30,2,36,28,30,5,9,64,76,33,73,32,57,46,11,0
0,0,0,29,32,0,45,56,36,51,40,49,55,60,27,5
40,28,28,0,51,32,67,42,34,54,80,57,65,13,53
0,23,55,40,74,53,66,87,100,100,100,77,37,56
55,47,35,67,44,66,85,100,79,69,100,100,48
21,25,73,74,90,100,73,100,72,95,88,73
68,58,72,77,100,75,70,100,100,100,85
21,61,100,100,100,100,77,94,83,77
51,60,75,96,100,100,100,100,100
52,73,97,66,86,72,92,88
60,32,47,49,66,43,65
0,15,61,42,20,72
18,9,7,63,10
0,39,41,0
0,0,0
18,0
0
